<?xml version="1.0" encoding="utf-8"?>
<COLLADA xmlns="http://www.collada.org/2005/11/COLLADASchema" version="1.4.1">
  <asset>
    <contributor>
      <author>Mixamo</author>
      <authoring_tool>COLLADA Mixamo exporter</authoring_tool>
      <comments/>
    </contributor>
    <created>2025-05-22T09:33:57Z</created>
    <modified>2025-05-22T09:33:57Z</modified>
    <revision/>
    <title/>
    <unit meter="0.010000"/>
    <up_axis>Y_UP</up_axis>
  </asset>
  <library_animations>
    <animation>
      <source id="mixamorig_Hips-Matrix-animation-input">
        <float_array id="mixamorig_Hips-Matrix-animation-input-array" count="89">

0.000000 0.033333 0.066667 0.100000 0.133333 0.166667 0.200000 0.233333 0.266667 0.300000 0.333333 0.366667 0.400000 0.433333 0.466667 0.500000
0.533333 0.566667 0.600000 0.633333 0.666667 0.700000 0.733333 0.766667 0.800000 0.833333 0.866667 0.900000 0.933333 0.966667 1.000000 1.033333
1.066667 1.100000 1.133333 1.166667 1.200000 1.233333 1.266667 1.300000 1.333333 1.366667 1.400000 1.433333 1.466667 1.500000 1.533333 1.566667
1.600000 1.633333 1.666667 1.700000 1.733333 1.766667 1.800000 1.833333 1.866667 1.900000 1.933333 1.966667 2.000000 2.033333 2.066667 2.100000
2.133333 2.166667 2.200000 2.233333 2.266667 2.300000 2.333333 2.366667 2.400000 2.433333 2.466667 2.500000 2.533333 2.566667 2.600000 2.633333
2.666667 2.700000 2.733333 2.766667 2.800000 2.833333 2.866667 2.900000 2.933333</float_array>
        <technique_common>
          <accessor source="#mixamorig_Hips-Matrix-animation-input-array" count="89">
            <param name="TIME" type="float"/>
          </accessor>
        </technique_common>
      </source>
      <source id="mixamorig_Hips-Matrix-animation-output-transform">
        <float_array id="mixamorig_Hips-Matrix-animation-output-transform-array" count="1424">

0.999711 0.018425 -0.015429 -1.135477 -0.018172 0.999701 0.016367 53.569328 0.015726 -0.016082 0.999747 -4.464585 0.000000 0.000000 0.000000 1.000000
0.999747 0.020494 -0.009279 -1.142974 -0.020320 0.999622 0.018533 53.533745 0.009656 -0.018339 0.999785 -4.395484 0.000000 0.000000 0.000000 1.000000
0.999741 0.022294 -0.004483 -1.163050 -0.022192 0.999520 0.021633 53.480877 0.004963 -0.021528 0.999756 -4.267722 0.000000 0.000000 0.000000 1.000000
0.999716 0.023760 -0.001717 -1.197667 -0.023709 0.999400 0.025257 53.476055 0.002316 -0.025209 0.999680 -4.071356 0.000000 0.000000 0.000000 1.000000
0.999689 0.024930 -0.000618 -1.241899 -0.024902 0.999269 0.029011 53.608334 0.001340 -0.028986 0.999579 -3.810791 0.000000 0.000000 0.000000 1.000000
0.999667 0.025803 -0.000491 -1.263974 -0.025773 0.999136 0.032601 53.936256 0.001332 -0.032577 0.999468 -3.495065 0.000000 0.000000 0.000000 1.000000
0.999649 0.026481 -0.000977 -1.249887 -0.026428 0.999006 0.035887 54.464195 0.001927 -0.035849 0.999355 -3.118164 0.000000 0.000000 0.000000 1.000000
0.999631 0.027093 -0.001999 -1.228543 -0.026995 0.998877 0.038945 55.095871 0.003052 -0.038877 0.999239 -2.698189 0.000000 0.000000 0.000000 1.000000
0.999604 0.027920 -0.003457 -1.231873 -0.027751 0.998740 0.041810 55.666687 0.004620 -0.041697 0.999120 -2.298758 0.000000 0.000000 0.000000 1.000000
0.999567 0.028966 -0.005190 -1.257558 -0.028712 0.998633 0.043683 56.084045 0.006448 -0.043515 0.999032 -1.978624 0.000000 0.000000 0.000000 1.000000
0.999538 0.029557 -0.007104 -1.275254 -0.029228 0.998660 0.042700 56.322197 0.008356 -0.042473 0.999063 -1.793049 0.000000 0.000000 0.000000 1.000000
0.999542 0.028826 -0.009211 -1.269122 -0.028462 0.998891 0.037504 56.310318 0.010282 -0.037225 0.999254 -1.787914 0.000000 0.000000 0.000000 1.000000
0.999580 0.026623 -0.011426 -1.251162 -0.026284 0.999240 0.028800 55.887100 0.012185 -0.028487 0.999520 -1.974345 0.000000 0.000000 0.000000 1.000000
0.999636 0.023504 -0.013266 -1.233299 -0.023257 0.999560 0.018409 55.002842 0.013693 -0.018094 0.999743 -2.319855 0.000000 0.000000 0.000000 1.000000
0.999705 0.020242 -0.013425 -1.227136 -0.020139 0.999767 0.007774 53.961853 0.013580 -0.007501 0.999880 -2.748440 0.000000 0.000000 0.000000 1.000000
0.999806 0.018001 -0.008015 -1.226565 -0.018012 0.999837 -0.001244 53.252815 0.007991 0.001388 0.999967 -3.174013 0.000000 0.000000 0.000000 1.000000
0.999785 0.018105 0.010115 -1.235384 -0.018056 0.999825 -0.004899 53.041325 -0.010201 0.004715 0.999937 -3.547493 0.000000 0.000000 0.000000 1.000000
0.998792 0.019832 0.044948 -1.292481 -0.019851 0.999803 -0.000024 53.226910 -0.044940 -0.000869 0.998989 -3.629211 0.000000 0.000000 0.000000 1.000000
0.995843 0.020049 0.088854 -1.328029 -0.021098 0.999718 0.010878 53.705551 -0.088611 -0.012707 0.995985 -3.394311 0.000000 0.000000 0.000000 1.000000
0.991614 0.016448 0.128183 -1.346763 -0.019271 0.999598 0.020813 54.339088 -0.127789 -0.023109 0.991532 -3.034086 0.000000 0.000000 0.000000 1.000000
0.987379 0.010017 0.158059 -1.406848 -0.014266 0.999566 0.025767 54.990475 -0.157732 -0.027696 0.987093 -2.619832 0.000000 0.000000 0.000000 1.000000
0.983045 0.002140 0.183350 -1.502166 -0.007301 0.999596 0.027481 55.517960 -0.183217 -0.028354 0.982664 -2.250209 0.000000 0.000000 0.000000 1.000000
0.978248 -0.007496 0.207301 -1.600707 0.001522 0.999579 0.028961 55.825047 -0.207431 -0.028015 0.977848 -2.010242 0.000000 0.000000 0.000000 1.000000
0.973789 -0.018083 0.226733 -1.704088 0.011454 0.999469 0.030519 55.836876 -0.227164 -0.027123 0.973479 -1.962513 0.000000 0.000000 0.000000 1.000000
0.971011 -0.026466 0.237565 -1.744312 0.019786 0.999340 0.030460 55.549179 -0.238214 -0.024877 0.970894 -2.099128 0.000000 0.000000 0.000000 1.000000
0.970454 -0.030496 0.239351 -1.755952 0.024621 0.999319 0.027498 54.967442 -0.240026 -0.020792 0.970544 -2.408683 0.000000 0.000000 0.000000 1.000000
0.972240 -0.030750 0.231959 -1.872218 0.026285 0.999405 0.022318 54.187805 -0.232507 -0.015601 0.972470 -2.871428 0.000000 0.000000 0.000000 1.000000
0.977077 -0.027802 0.211065 -2.058050 0.024585 0.999538 0.017853 53.489010 -0.211464 -0.012255 0.977309 -3.347330 0.000000 0.000000 0.000000 1.000000
0.984851 -0.021708 0.172039 -2.177992 0.018949 0.999664 0.017665 53.080673 -0.172364 -0.014137 0.984932 -3.743203 0.000000 0.000000 0.000000 1.000000
0.992667 -0.014528 0.120004 -2.185770 0.011841 0.999664 0.023072 52.990162 -0.120298 -0.021482 0.992505 -3.932661 0.000000 0.000000 0.000000 1.000000
0.997450 -0.009446 0.070746 -2.143641 0.007229 0.999477 0.031525 53.206188 -0.071007 -0.030933 0.996996 -3.797222 0.000000 0.000000 0.000000 1.000000
0.999298 -0.006837 0.036839 -2.118449 0.005420 0.999247 0.038415 53.695480 -0.037074 -0.038188 0.998583 -3.462554 0.000000 0.000000 0.000000 1.000000
0.999857 -0.004058 0.016420 -2.119492 0.003383 0.999158 0.040877 54.369030 -0.016573 -0.040816 0.999029 -3.060019 0.000000 0.000000 0.000000 1.000000
0.999999 0.000971 -0.001332 -2.106972 -0.000917 0.999217 0.039555 55.044357 0.001369 -0.039554 0.999216 -2.657492 0.000000 0.000000 0.000000 1.000000
0.999690 0.008434 -0.023433 -2.048008 -0.007556 0.999275 0.037317 55.548782 0.023731 -0.037128 0.999029 -2.364766 0.000000 0.000000 0.000000 1.000000
0.998676 0.017648 -0.048325 -1.948546 -0.015891 0.999207 0.036510 55.793495 0.048931 -0.035694 0.998164 -2.241927 0.000000 0.000000 0.000000 1.000000
0.997123 0.027453 -0.070660 -1.852179 -0.024888 0.999008 0.036923 55.728310 0.071603 -0.035058 0.996817 -2.347651 0.000000 0.000000 0.000000 1.000000
0.995516 0.036242 -0.087376 -1.766238 -0.033178 0.998791 0.036268 55.351723 0.088585 -0.033207 0.995515 -2.643095 0.000000 0.000000 0.000000 1.000000
0.994110 0.042820 -0.099561 -1.623900 -0.039710 0.998666 0.033013 54.745819 0.100842 -0.028865 0.994484 -3.025604 0.000000 0.000000 0.000000 1.000000
0.992753 0.047206 -0.110512 -1.478417 -0.044280 0.998604 0.028786 54.074421 0.111717 -0.023684 0.993458 -3.421998 0.000000 0.000000 0.000000 1.000000
0.991220 0.049753 -0.122507 -1.360168 -0.046749 0.998534 0.027281 53.561901 0.123684 -0.021315 0.992093 -3.740533 0.000000 0.000000 0.000000 1.000000
0.989486 0.050817 -0.135405 -1.233389 -0.047142 0.998431 0.030219 53.319366 0.136728 -0.023518 0.990329 -3.926462 0.000000 0.000000 0.000000 1.000000
0.987546 0.052637 -0.148263 -1.088673 -0.047884 0.998224 0.035449 53.372498 0.149865 -0.027908 0.988312 -3.942973 0.000000 0.000000 0.000000 1.000000
0.985249 0.057716 -0.161100 -0.930604 -0.051989 0.997864 0.039549 53.702911 0.163038 -0.030590 0.986145 -3.833043 0.000000 0.000000 0.000000 1.000000
0.982734 0.064297 -0.173491 -0.742160 -0.058110 0.997488 0.040514 54.198189 0.175661 -0.029733 0.984002 -3.644577 0.000000 0.000000 0.000000 1.000000
0.980822 0.068055 -0.182637 -0.529970 -0.062133 0.997346 0.037957 54.690529 0.184735 -0.025882 0.982448 -3.439020 0.000000 0.000000 0.000000 1.000000
0.980419 0.067888 -0.184852 -0.339373 -0.062827 0.997475 0.033106 55.047428 0.186633 -0.020844 0.982209 -3.298567 0.000000 0.000000 0.000000 1.000000
0.981618 0.066421 -0.178926 -0.210320 -0.062355 0.997654 0.028259 55.207695 0.180383 -0.016582 0.983457 -3.288584 0.000000 0.000000 0.000000 1.000000
0.983746 0.065906 -0.167032 -0.149219 -0.062700 0.997734 0.024398 55.143246 0.168261 -0.013529 0.985650 -3.449745 0.000000 0.000000 0.000000 1.000000
0.986170 0.065707 -0.152153 -0.123442 -0.063366 0.997786 0.020188 54.844109 0.153143 -0.010268 0.988151 -3.778545 0.000000 0.000000 0.000000 1.000000
0.988750 0.062943 -0.135692 -0.105961 -0.061577 0.998001 0.014247 54.365223 0.136317 -0.005731 0.990649 -4.202727 0.000000 0.000000 0.000000 1.000000
0.991420 0.055435 -0.118377 -0.105044 -0.054951 0.998462 0.007350 53.828159 0.118602 -0.000782 0.992942 -4.620378 0.000000 0.000000 0.000000 1.000000
0.993716 0.045570 -0.102232 -0.131824 -0.045631 0.998957 0.001738 53.335052 0.102204 0.002938 0.994759 -4.978605 0.000000 0.000000 0.000000 1.000000
0.995162 0.039543 -0.089941 -0.178219 -0.039758 0.999209 -0.000600 52.989727 0.089846 0.004173 0.995947 -5.185410 0.000000 0.000000 0.000000 1.000000
0.995825 0.039994 -0.082054 -0.233811 -0.040009 0.999198 0.001462 52.870163 0.082047 0.001827 0.996627 -5.143930 0.000000 0.000000 0.000000 1.000000
0.996257 0.042526 -0.075257 -0.299070 -0.042117 0.999088 0.007025 52.916893 0.075487 -0.003830 0.997139 -4.968043 0.000000 0.000000 0.000000 1.000000
0.997015 0.042431 -0.064501 -0.380806 -0.041706 0.999051 0.012548 53.036201 0.064972 -0.009821 0.997839 -4.810525 0.000000 0.000000 0.000000 1.000000
0.998054 0.039591 -0.048174 -0.516544 -0.038906 0.999129 0.015079 53.194630 0.048729 -0.013176 0.998725 -4.674221 0.000000 0.000000 0.000000 1.000000
0.998914 0.035611 -0.030040 -0.697471 -0.035166 0.999266 0.015220 53.373180 0.030560 -0.014148 0.999433 -4.546530 0.000000 0.000000 0.000000 1.000000
0.999413 0.030706 -0.015196 -0.867314 -0.030477 0.999422 0.015072 53.553162 0.015650 -0.014600 0.999771 -4.432357 0.000000 0.000000 0.000000 1.000000
0.999676 0.024823 -0.005587 -0.985747 -0.024737 0.999582 0.014993 53.713856 0.005957 -0.014850 0.999872 -4.324737 0.000000 0.000000 0.000000 1.000000
0.999828 0.018573 0.000005 -1.054786 -0.018571 0.999727 0.014198 53.837196 0.000259 -0.014196 0.999899 -4.218521 0.000000 0.000000 0.000000 1.000000
0.999916 0.012377 0.003827 -1.104793 -0.012426 0.999840 0.012896 53.904385 -0.003667 -0.012943 0.999910 -4.131366 0.000000 0.000000 0.000000 1.000000
0.999948 0.006580 0.007815 -1.161059 -0.006672 0.999908 0.011822 53.889877 -0.007736 -0.011873 0.999900 -4.106586 0.000000 0.000000 0.000000 1.000000
0.999920 0.002559 0.012388 -1.241176 -0.002691 0.999940 0.010658 53.768543 -0.012360 -0.010691 0.999866 -4.185452 0.000000 0.000000 0.000000 1.000000
0.999871 0.002017 0.015954 -1.338298 -0.002152 0.999962 0.008469 53.538177 -0.015936 -0.008502 0.999837 -4.371743 0.000000 0.000000 0.000000 1.000000
0.999840 0.004438 0.017308 -1.403728 -0.004535 0.999974 0.005604 53.253281 -0.017283 -0.005682 0.999834 -4.612113 0.000000 0.000000 0.000000 1.000000
0.999799 0.006478 0.018948 -1.427643 -0.006572 0.999966 0.004954 53.058853 -0.018915 -0.005077 0.999808 -4.810703 0.000000 0.000000 0.000000 1.000000
0.999651 0.005292 0.025868 -1.450686 -0.005556 0.999933 0.010132 53.056770 -0.025813 -0.010272 0.999614 -4.845419 0.000000 0.000000 0.000000 1.000000
0.999226 0.001246 0.039320 -1.501713 -0.002043 0.999793 0.020250 53.243057 -0.039286 -0.020315 0.999021 -4.719252 0.000000 0.000000 0.000000 1.000000
0.998568 -0.003544 0.053379 -1.561664 0.002023 0.999591 0.028512 53.483688 -0.053458 -0.028363 0.998167 -4.573228 0.000000 0.000000 0.000000 1.000000
0.998152 -0.007057 0.060352 -1.594124 0.005291 0.999555 0.029362 53.631805 -0.060533 -0.028989 0.997745 -4.476439 0.000000 0.000000 0.000000 1.000000
0.998251 -0.008129 0.058550 -1.586722 0.006738 0.999691 0.023915 53.645733 -0.058726 -0.023478 0.997998 -4.413485 0.000000 0.000000 0.000000 1.000000
0.998576 -0.007051 0.052875 -1.570772 0.006190 0.999846 0.016431 53.578720 -0.052982 -0.016081 0.998466 -4.405454 0.000000 0.000000 0.000000 1.000000
0.998813 -0.005300 0.048415 -1.570604 0.004836 0.999941 0.009685 53.501694 -0.048463 -0.009440 0.998780 -4.447643 0.000000 0.000000 0.000000 1.000000
0.998969 -0.004047 0.045220 -1.572790 0.003826 0.999980 0.004981 53.451702 -0.045240 -0.004803 0.998965 -4.495148 0.000000 0.000000 0.000000 1.000000
0.999202 -0.003082 0.039831 -1.571174 0.002967 0.999991 0.002955 53.439163 -0.039839 -0.002834 0.999202 -4.507766 0.000000 0.000000 0.000000 1.000000
0.999542 -0.001511 0.030233 -1.559732 0.001428 0.999995 0.002785 53.456451 -0.030237 -0.002740 0.999539 -4.480197 0.000000 0.000000 0.000000 1.000000
0.999837 0.001004 0.018020 -1.540871 -0.001053 0.999996 0.002690 53.484200 -0.018017 -0.002709 0.999834 -4.441541 0.000000 0.000000 0.000000 1.000000
0.999972 0.003932 0.006362 -1.514823 -0.003946 0.999990 0.002155 53.503189 -0.006354 -0.002180 0.999977 -4.420247 0.000000 0.000000 0.000000 1.000000
0.999974 0.006621 -0.002759 -1.478233 -0.006615 0.999975 0.002355 53.508514 0.002775 -0.002336 0.999993 -4.409206 0.000000 0.000000 0.000000 1.000000
0.999918 0.008901 -0.009225 -1.434289 -0.008864 0.999953 0.004025 53.508877 0.009261 -0.003943 0.999949 -4.402511 0.000000 0.000000 0.000000 1.000000
0.999846 0.010868 -0.013779 -1.387676 -0.010780 0.999921 0.006478 53.512077 0.013848 -0.006328 0.999884 -4.402988 0.000000 0.000000 0.000000 1.000000
0.999777 0.012644 -0.016895 -1.332840 -0.012497 0.999883 0.008829 53.520866 0.017005 -0.008616 0.999818 -4.400481 0.000000 0.000000 0.000000 1.000000
0.999725 0.014401 -0.018487 -1.272849 -0.014203 0.999841 0.010814 53.534912 0.018640 -0.010548 0.999771 -4.388383 0.000000 0.000000 0.000000 1.000000
0.999699 0.016069 -0.018547 -1.227652 -0.015839 0.999797 0.012490 53.550709 0.018744 -0.012192 0.999750 -4.399128 0.000000 0.000000 0.000000 1.000000
0.999696 0.017216 -0.017645 -1.188070 -0.016971 0.999759 0.013934 53.563316 0.017881 -0.013630 0.999747 -4.415547 0.000000 0.000000 0.000000 1.000000
0.999705 0.017812 -0.016488 -1.153766 -0.017561 0.999730 0.015198 53.568237 0.016754 -0.014904 0.999749 -4.435750 0.000000 0.000000 0.000000 1.000000
0.999711 0.018426 -0.015430 -1.134688 -0.018174 0.999701 0.016367 53.569183 0.015727 -0.016082 0.999747 -4.465720 0.000000 0.000000 0.000000 1.000000</float_array>
        <technique_common>
          <accessor source="#mixamorig_Hips-Matrix-animation-output-transform-array" count="89" stride="16">
            <param type="float4x4"/>
          </accessor>
        </technique_common>
      </source>
      <source id="mixamorig_Hips-Interpolations">
        <Name_array id="mixamorig_Hips-Interpolations-array" count="89">
 LINEAR LINEAR LINEAR LINEAR LINEAR LINEAR LINEAR LINEAR LINEAR LINEAR LINEAR
LINEAR LINEAR LINEAR LINEAR LINEAR LINEAR LINEAR LINEAR LINEAR LINEAR LINEAR LINEAR
LINEAR LINEAR LINEAR LINEAR LINEAR LINEAR LINEAR LINEAR LINEAR LINEAR LINEAR LINEAR
LINEAR LINEAR LINEAR LINEAR LINEAR LINEAR LINEAR LINEAR LINEAR LINEAR LINEAR LINEAR
LINEAR LINEAR LINEAR LINEAR LINEAR LINEAR LINEAR LINEAR LINEAR LINEAR LINEAR LINEAR
LINEAR LINEAR LINEAR LINEAR LINEAR LINEAR LINEAR LINEAR LINEAR LINEAR LINEAR LINEAR
LINEAR LINEAR LINEAR LINEAR LINEAR LINEAR LINEAR LINEAR LINEAR LINEAR LINEAR LINEAR
LINEAR LINEAR LINEAR LINEAR LINEAR LINEAR</Name_array>
        <technique_common>
          <accessor source="#mixamorig_Hips-Interpolations-array" count="89">
            <param type="name"/>
          </accessor>
        </technique_common>
      </source>
      <sampler id="mixamorig_Hips-Matrix-animation-transform">
        <input semantic="INPUT" source="#mixamorig_Hips-Matrix-animation-input"/>
        <input semantic="OUTPUT" source="#mixamorig_Hips-Matrix-animation-output-transform"/>
        <input semantic="INTERPOLATION" source="#mixamorig_Hips-Interpolations"/>
      </sampler>
      <channel source="#mixamorig_Hips-Matrix-animation-transform" target="mixamorig_Hips/matrix"/>
      <source id="mixamorig_Spine-Matrix-animation-input">
        <float_array id="mixamorig_Spine-Matrix-animation-input-array" count="89">

0.000000 0.033333 0.066667 0.100000 0.133333 0.166667 0.200000 0.233333 0.266667 0.300000 0.333333 0.366667 0.400000 0.433333 0.466667 0.500000
0.533333 0.566667 0.600000 0.633333 0.666667 0.700000 0.733333 0.766667 0.800000 0.833333 0.866667 0.900000 0.933333 0.966667 1.000000 1.033333
1.066667 1.100000 1.133333 1.166667 1.200000 1.233333 1.266667 1.300000 1.333333 1.366667 1.400000 1.433333 1.466667 1.500000 1.533333 1.566667
1.600000 1.633333 1.666667 1.700000 1.733333 1.766667 1.800000 1.833333 1.866667 1.900000 1.933333 1.966667 2.000000 2.033333 2.066667 2.100000
2.133333 2.166667 2.200000 2.233333 2.266667 2.300000 2.333333 2.366667 2.400000 2.433333 2.466667 2.500000 2.533333 2.566667 2.600000 2.633333
2.666667 2.700000 2.733333 2.766667 2.800000 2.833333 2.866667 2.900000 2.933333</float_array>
        <technique_common>
          <accessor source="#mixamorig_Spine-Matrix-animation-input-array" count="89">
            <param name="TIME" type="float"/>
          </accessor>
        </technique_common>
      </source>
      <source id="mixamorig_Spine-Matrix-animation-output-transform">
        <float_array id="mixamorig_Spine-Matrix-animation-output-transform-array" count="1424">

0.999391 0.034668 -0.003988 -0.000000 -0.034726 0.999276 -0.015558 10.673700 0.003445 0.015687 0.999871 -0.032200 0.000000 0.000000 0.000000 1.000000
0.999442 0.032731 -0.006684 -0.000000 -0.032817 0.999375 -0.013140 10.673700 0.006250 0.013352 0.999891 -0.032200 0.000000 0.000000 0.000000 1.000000
0.999457 0.031436 -0.009887 -0.000000 -0.031567 0.999412 -0.013410 10.673700 0.009459 0.013715 0.999861 -0.032200 0.000000 0.000000 0.000000 1.000000
0.999414 0.030636 -0.015252 0.000000 -0.030896 0.999377 -0.017085 10.673700 0.014719 0.017546 0.999738 -0.032200 0.000000 0.000000 0.000000 1.000000
0.999277 0.029930 -0.023430 -0.000000 -0.030482 0.999258 -0.023558 10.673700 0.022707 0.024255 0.999448 -0.032200 0.000000 0.000000 0.000000 1.000000
0.999052 0.029206 -0.032274 0.000000 -0.030204 0.999067 -0.030869 10.673700 0.031342 0.031815 0.999002 -0.032200 0.000000 0.000000 0.000000 1.000000
0.998860 0.029132 -0.037803 -0.000000 -0.030537 0.998843 -0.037141 10.673700 0.036677 0.038253 0.998595 -0.032200 0.000000 0.000000 0.000000 1.000000
0.998813 0.030882 -0.037680 -0.000000 -0.032445 0.998607 -0.041606 10.673700 0.036343 0.042779 0.998423 -0.032200 0.000000 0.000000 0.000000 1.000000
0.998841 0.034602 -0.033463 0.000000 -0.036079 0.998353 -0.044598 10.673700 0.031865 0.045754 0.998444 -0.032200 0.000000 0.000000 0.000000 1.000000
0.998835 0.038681 -0.028861 0.000000 -0.040005 0.998104 -0.046786 10.673700 0.026996 0.047886 0.998488 -0.032200 0.000000 0.000000 0.000000 1.000000
0.998833 0.040604 -0.026153 0.000000 -0.041830 0.997962 -0.048191 10.673700 0.024143 0.049229 0.998496 -0.032200 0.000000 0.000000 0.000000 1.000000
0.998942 0.038865 -0.024566 -0.000000 -0.040003 0.998062 -0.047657 10.673700 0.022666 0.048590 0.998562 -0.032200 0.000000 0.000000 0.000000 1.000000
0.999166 0.034869 -0.021233 0.000000 -0.035766 0.998415 -0.043448 10.673700 0.019685 0.044171 0.998830 -0.032200 0.000000 0.000000 0.000000 1.000000
0.999369 0.033015 -0.013132 0.000000 -0.033457 0.998827 -0.035001 10.673700 0.011961 0.035418 0.999301 -0.032200 0.000000 0.000000 0.000000 1.000000
0.999296 0.037519 0.000795 0.000000 -0.037488 0.998997 -0.024494 10.673700 -0.001713 0.024447 0.999700 -0.032200 0.000000 0.000000 0.000000 1.000000
0.998691 0.047904 0.017950 0.000000 -0.047613 0.998732 -0.016334 10.673700 -0.018709 0.015458 0.999705 -0.032200 0.000000 0.000000 0.000000 1.000000
0.997732 0.058537 0.033224 -0.000000 -0.058086 0.998208 -0.014397 10.673700 -0.034007 0.012434 0.999344 -0.032200 0.000000 0.000000 0.000000 1.000000
0.996990 0.064101 0.043606 -0.000000 -0.063294 0.997801 -0.019656 10.673700 -0.044771 0.016836 0.998855 -0.032200 0.000000 0.000000 0.000000 1.000000
0.996658 0.063832 0.050966 0.000000 -0.062350 0.997598 -0.030168 10.673700 -0.052769 0.026890 0.998245 -0.032200 0.000000 0.000000 0.000000 1.000000
0.996436 0.060473 0.058803 0.000000 -0.058030 0.997414 -0.042398 10.673700 -0.061215 0.038834 0.997369 -0.032200 0.000000 0.000000 0.000000 1.000000
0.996158 0.056349 0.067041 0.000000 -0.052847 0.997200 -0.052907 10.673700 -0.069835 0.049161 0.996346 -0.032200 0.000000 0.000000 0.000000 1.000000
0.996014 0.052241 0.072298 0.000000 -0.047957 0.997060 -0.059769 10.673700 -0.075208 0.056064 0.995591 -0.032200 0.000000 0.000000 0.000000 1.000000
0.996136 0.048965 0.072902 0.000000 -0.044419 0.997042 -0.062729 10.673700 -0.075758 0.059249 0.995364 -0.032200 0.000000 0.000000 0.000000 1.000000
0.996347 0.047613 0.070895 -0.000000 -0.043219 0.997123 -0.062273 10.673700 -0.073656 0.058981 0.995538 -0.032200 0.000000 0.000000 0.000000 1.000000
0.996457 0.048217 0.068908 0.000000 -0.044179 0.997282 -0.058969 10.673700 -0.071564 0.055715 0.995879 -0.032200 0.000000 0.000000 0.000000 1.000000
0.996527 0.049247 0.067153 0.000000 -0.045666 0.997504 -0.053856 10.673700 -0.069638 0.050602 0.996288 -0.032200 0.000000 0.000000 0.000000 1.000000
0.996738 0.048505 0.064502 0.000000 -0.045381 0.997765 -0.049038 10.673700 -0.066737 0.045951 0.996712 -0.032200 0.000000 0.000000 0.000000 1.000000
0.997159 0.044290 0.060927 0.000000 -0.041450 0.998029 -0.047113 10.673700 -0.062894 0.044454 0.997030 -0.032200 0.000000 0.000000 0.000000 1.000000
0.997637 0.037197 0.057756 0.000000 -0.034358 0.998188 -0.049408 10.673700 -0.059490 0.047307 0.997107 -0.032200 0.000000 0.000000 0.000000 1.000000
0.997979 0.030621 0.055682 -0.000000 -0.027570 0.998119 -0.054762 10.673700 -0.057254 0.053117 0.996946 -0.032200 0.000000 0.000000 0.000000 1.000000
0.998183 0.028487 0.053099 0.000000 -0.025266 0.997856 -0.060375 10.673700 -0.054705 0.058924 0.996762 -0.032200 0.000000 0.000000 0.000000 1.000000
0.998379 0.031993 0.047073 0.000000 -0.028960 0.997544 -0.063768 10.673700 -0.048998 0.062302 0.996854 -0.032200 0.000000 0.000000 0.000000 1.000000
0.998591 0.038574 0.036448 -0.000000 -0.036188 0.997294 -0.063999 10.673700 -0.038819 0.062590 0.997284 -0.032200 0.000000 0.000000 0.000000 1.000000
0.998734 0.044318 0.023803 0.000000 -0.042775 0.997171 -0.061805 10.673700 -0.026475 0.060709 0.997804 -0.032200 0.000000 0.000000 0.000000 1.000000
0.998813 0.046823 0.013404 0.000000 -0.045959 0.997212 -0.058787 10.673700 -0.016120 0.058101 0.998181 -0.032200 0.000000 0.000000 0.000000 1.000000
0.998902 0.046282 0.007222 0.000000 -0.045809 0.997391 -0.055793 10.673700 -0.009785 0.055401 0.998416 -0.032200 0.000000 0.000000 0.000000 1.000000
0.998999 0.044585 0.003737 0.000000 -0.044331 0.997667 -0.051908 10.673700 -0.006042 0.051691 0.998645 -0.032200 0.000000 0.000000 0.000000 1.000000
0.999051 0.043552 0.000527 -0.000000 -0.043483 0.998023 -0.045370 10.673700 -0.002501 0.045304 0.998970 -0.032200 0.000000 0.000000 0.000000 1.000000
0.999019 0.044170 -0.003187 0.000000 -0.044255 0.998384 -0.035636 10.673700 0.001608 0.035742 0.999360 -0.032200 0.000000 0.000000 0.000000 1.000000
0.998883 0.046739 -0.007003 0.000000 -0.046897 0.998600 -0.024484 10.673700 0.005849 0.024785 0.999676 -0.032200 0.000000 0.000000 0.000000 1.000000
0.998660 0.050534 -0.011122 -0.000000 -0.050698 0.998601 -0.015005 10.673700 0.010348 0.015549 0.999826 -0.032200 0.000000 0.000000 0.000000 1.000000
0.998438 0.053493 -0.016150 0.000000 -0.053652 0.998513 -0.009607 10.673700 0.015612 0.010459 0.999823 -0.032200 0.000000 0.000000 0.000000 1.000000
0.998344 0.053283 -0.021679 0.000000 -0.053487 0.998529 -0.008940 10.673700 0.021171 0.010085 0.999725 -0.032200 0.000000 0.000000 0.000000 1.000000
0.998419 0.049596 -0.026437 0.000000 -0.049930 0.998679 -0.012109 10.673700 0.025801 0.013410 0.999577 -0.032200 0.000000 0.000000 0.000000 1.000000
0.998526 0.045268 -0.029936 -0.000000 -0.045800 0.998801 -0.017316 10.673700 0.029116 0.018661 0.999402 -0.032200 0.000000 0.000000 0.000000 1.000000
0.998490 0.043906 -0.033015 -0.000000 -0.044666 0.998746 -0.022635 10.673700 0.031980 0.024075 0.999199 -0.032200 0.000000 0.000000 0.000000 1.000000
0.998265 0.046205 -0.036487 0.000000 -0.047197 0.998526 -0.026800 10.673700 0.035195 0.028475 0.998975 -0.032200 0.000000 0.000000 0.000000 1.000000
0.997970 0.049610 -0.039931 -0.000000 -0.050801 0.998276 -0.029386 10.673700 0.038404 0.031354 0.998770 -0.032200 0.000000 0.000000 0.000000 1.000000
0.997769 0.051721 -0.042202 0.000000 -0.053024 0.998132 -0.030359 10.673700 0.040553 0.032529 0.998648 -0.032200 0.000000 0.000000 0.000000 1.000000
0.997678 0.053340 -0.042347 0.000000 -0.054629 0.998059 -0.029896 10.673700 0.040671 0.032140 0.998656 -0.032200 0.000000 0.000000 0.000000 1.000000
0.997582 0.057352 -0.039243 0.000000 -0.058498 0.997874 -0.028721 10.673700 0.037512 0.030947 0.998817 -0.032200 0.000000 0.000000 0.000000 1.000000
0.997430 0.064589 -0.031009 0.000000 -0.065456 0.997468 -0.027809 10.673700 0.029134 0.029768 0.999132 -0.032200 0.000000 0.000000 0.000000 1.000000
0.997277 0.071878 -0.016474 0.000000 -0.072310 0.997008 -0.027311 10.673700 0.014462 0.028428 0.999491 -0.032200 0.000000 0.000000 0.000000 1.000000
0.997192 0.074860 0.001982 0.000000 -0.074781 0.996847 -0.026540 10.673700 -0.003962 0.026317 0.999646 -0.032200 0.000000 0.000000 0.000000 1.000000
0.997211 0.072361 0.018252 0.000000 -0.071881 0.997081 -0.025731 10.673700 -0.020061 0.024347 0.999502 -0.032200 0.000000 0.000000 0.000000 1.000000
0.997372 0.067358 0.026697 0.000000 -0.066641 0.997414 -0.026909 10.673700 -0.028440 0.025059 0.999281 -0.032200 0.000000 0.000000 0.000000 1.000000
0.997650 0.063174 0.026523 0.000000 -0.062328 0.997555 -0.031617 10.673700 -0.028456 0.029890 0.999148 -0.032200 0.000000 0.000000 0.000000 1.000000
0.997933 0.060494 0.021677 0.000000 -0.059630 0.997478 -0.038502 10.673700 -0.023951 0.037130 0.999023 -0.032200 0.000000 0.000000 0.000000 1.000000
0.998162 0.058221 0.016845 0.000000 -0.057425 0.997361 -0.044416 10.673700 -0.019387 0.043367 0.998871 -0.032200 0.000000 0.000000 0.000000 1.000000
0.998337 0.055838 0.014365 -0.000000 -0.055104 0.997365 -0.047196 10.673700 -0.016962 0.046326 0.998782 -0.032200 0.000000 0.000000 0.000000 1.000000
0.998450 0.053778 0.014333 0.000000 -0.053057 0.997500 -0.046673 10.673700 -0.016807 0.045840 0.998807 -0.032200 0.000000 0.000000 0.000000 1.000000
0.998493 0.052471 0.016101 0.000000 -0.051723 0.997699 -0.043834 10.673700 -0.018364 0.042935 0.998909 -0.032200 0.000000 0.000000 0.000000 1.000000
0.998484 0.051649 0.019025 -0.000000 -0.050858 0.997908 -0.039914 10.673700 -0.021047 0.038886 0.999022 -0.032200 0.000000 0.000000 0.000000 1.000000
0.998484 0.050198 0.022582 0.000000 -0.049364 0.998129 -0.036090 10.673700 -0.024351 0.034921 0.999093 -0.032200 0.000000 0.000000 0.000000 1.000000
0.998561 0.046716 0.026332 0.000000 -0.045831 0.998395 -0.033274 10.673700 -0.027845 0.032020 0.999099 -0.032200 0.000000 0.000000 0.000000 1.000000
0.998733 0.040812 0.029452 0.000000 -0.039871 0.998697 -0.031859 10.673700 -0.030713 0.030644 0.999058 -0.032200 0.000000 0.000000 0.000000 1.000000
0.998969 0.033852 0.030262 -0.000000 -0.032887 0.998953 -0.031813 10.673700 -0.031307 0.030785 0.999036 -0.032200 0.000000 0.000000 0.000000 1.000000
0.999228 0.028349 0.027205 -0.000000 -0.027442 0.999074 -0.033146 10.673700 -0.028119 0.032374 0.999080 -0.032200 0.000000 0.000000 0.000000 1.000000
0.999441 0.026213 0.020761 0.000000 -0.025455 0.999029 -0.035959 10.673700 -0.021683 0.035410 0.999138 -0.032200 0.000000 0.000000 0.000000 1.000000
0.999537 0.027159 0.013703 0.000000 -0.026595 0.998854 -0.039803 10.673700 -0.014768 0.039420 0.999114 -0.032200 0.000000 0.000000 0.000000 1.000000
0.999534 0.029120 0.009113 -0.000000 -0.028699 0.998647 -0.043365 10.673700 -0.010363 0.043084 0.999018 -0.032200 0.000000 0.000000 0.000000 1.000000
0.999519 0.029925 0.008166 0.000000 -0.029526 0.998542 -0.045185 10.673700 -0.009507 0.044922 0.998945 -0.032200 0.000000 0.000000 0.000000 1.000000
0.999538 0.028823 0.009665 -0.000000 -0.028365 0.998601 -0.044632 10.673700 -0.010938 0.044337 0.998957 -0.032200 0.000000 0.000000 0.000000 1.000000
0.999581 0.026728 0.011139 -0.000000 -0.026237 0.998768 -0.042122 10.673700 -0.012251 0.041813 0.999050 -0.032200 0.000000 0.000000 0.000000 1.000000
0.999629 0.025125 0.010481 0.000000 -0.024704 0.998950 -0.038582 10.673700 -0.011439 0.038309 0.999200 -0.032200 0.000000 0.000000 0.000000 1.000000
0.999666 0.024788 0.007297 0.000000 -0.024519 0.999093 -0.034821 10.673700 -0.008153 0.034630 0.999367 -0.032200 0.000000 0.000000 0.000000 1.000000
0.999675 0.025299 0.003074 0.000000 -0.025192 0.999198 -0.031115 10.673700 -0.003858 0.031027 0.999511 -0.032200 0.000000 0.000000 0.000000 1.000000
0.999666 0.025829 -0.000160 0.000000 -0.025824 0.999295 -0.027236 10.673700 -0.000544 0.027231 0.999629 -0.032200 0.000000 0.000000 0.000000 1.000000
0.999659 0.026069 -0.001563 0.000000 -0.026098 0.999394 -0.023055 10.673700 0.000961 0.023088 0.999733 -0.032200 0.000000 0.000000 0.000000 1.000000
0.999651 0.026335 -0.001895 0.000000 -0.026367 0.999469 -0.019159 10.673700 0.001390 0.019202 0.999815 -0.032200 0.000000 0.000000 0.000000 1.000000
0.999633 0.026993 -0.002361 0.000000 -0.027029 0.999498 -0.016521 10.673700 0.001914 0.016579 0.999861 -0.032200 0.000000 0.000000 0.000000 1.000000
0.999601 0.028056 -0.003352 0.000000 -0.028104 0.999485 -0.015494 10.673700 0.002915 0.015582 0.999874 -0.032200 0.000000 0.000000 0.000000 1.000000
0.999562 0.029268 -0.004369 0.000000 -0.029332 0.999450 -0.015463 10.673700 0.003914 0.015584 0.999871 -0.032200 0.000000 0.000000 0.000000 1.000000
0.999527 0.030374 -0.004865 -0.000000 -0.030446 0.999415 -0.015582 10.673700 0.004389 0.015723 0.999867 -0.032200 0.000000 0.000000 0.000000 1.000000
0.999499 0.031287 -0.004826 0.000000 -0.031358 0.999388 -0.015517 10.673700 0.004338 0.015660 0.999868 -0.032200 0.000000 0.000000 0.000000 1.000000
0.999474 0.032089 -0.004590 0.000000 -0.032156 0.999364 -0.015396 10.673700 0.004093 0.015535 0.999871 -0.032200 0.000000 0.000000 0.000000 1.000000
0.999449 0.032915 -0.004389 0.000000 -0.032979 0.999338 -0.015366 10.673700 0.003880 0.015503 0.999872 -0.032200 0.000000 0.000000 0.000000 1.000000
0.999420 0.033801 -0.004220 0.000000 -0.033862 0.999308 -0.015402 10.673700 0.003697 0.015536 0.999872 -0.032200 0.000000 0.000000 0.000000 1.000000
0.999391 0.034666 -0.003986 0.000000 -0.034724 0.999278 -0.015412 10.673700 0.003449 0.015541 0.999873 -0.032200 0.000000 0.000000 0.000000 1.000000</float_array>
        <technique_common>
          <accessor source="#mixamorig_Spine-Matrix-animation-output-transform-array" count="89" stride="16">
            <param type="float4x4"/>
          </accessor>
        </technique_common>
      </source>
      <source id="mixamorig_Spine-Interpolations">
        <Name_array id="mixamorig_Spine-Interpolations-array" count="89">
 LINEAR LINEAR LINEAR LINEAR LINEAR LINEAR LINEAR LINEAR LINEAR LINEAR LINEAR
LINEAR LINEAR LINEAR LINEAR LINEAR LINEAR LINEAR LINEAR LINEAR LINEAR LINEAR LINEAR
LINEAR LINEAR LINEAR LINEAR LINEAR LINEAR LINEAR LINEAR LINEAR LINEAR LINEAR LINEAR
LINEAR LINEAR LINEAR LINEAR LINEAR LINEAR LINEAR LINEAR LINEAR LINEAR LINEAR LINEAR
LINEAR LINEAR LINEAR LINEAR LINEAR LINEAR LINEAR LINEAR LINEAR LINEAR LINEAR LINEAR
LINEAR LINEAR LINEAR LINEAR LINEAR LINEAR LINEAR LINEAR LINEAR LINEAR LINEAR LINEAR
LINEAR LINEAR LINEAR LINEAR LINEAR LINEAR LINEAR LINEAR LINEAR LINEAR LINEAR LINEAR
LINEAR LINEAR LINEAR LINEAR LINEAR LINEAR</Name_array>
        <technique_common>
          <accessor source="#mixamorig_Spine-Interpolations-array" count="89">
            <param type="name"/>
          </accessor>
        </technique_common>
      </source>
      <sampler id="mixamorig_Spine-Matrix-animation-transform">
        <input semantic="INPUT" source="#mixamorig_Spine-Matrix-animation-input"/>
        <input semantic="OUTPUT" source="#mixamorig_Spine-Matrix-animation-output-transform"/>
        <input semantic="INTERPOLATION" source="#mixamorig_Spine-Interpolations"/>
      </sampler>
      <channel source="#mixamorig_Spine-Matrix-animation-transform" target="mixamorig_Spine/matrix"/>
      <source id="mixamorig_Spine1-Matrix-animation-input">
        <float_array id="mixamorig_Spine1-Matrix-animation-input-array" count="89">

0.000000 0.033333 0.066667 0.100000 0.133333 0.166667 0.200000 0.233333 0.266667 0.300000 0.333333 0.366667 0.400000 0.433333 0.466667 0.500000
0.533333 0.566667 0.600000 0.633333 0.666667 0.700000 0.733333 0.766667 0.800000 0.833333 0.866667 0.900000 0.933333 0.966667 1.000000 1.033333
1.066667 1.100000 1.133333 1.166667 1.200000 1.233333 1.266667 1.300000 1.333333 1.366667 1.400000 1.433333 1.466667 1.500000 1.533333 1.566667
1.600000 1.633333 1.666667 1.700000 1.733333 1.766667 1.800000 1.833333 1.866667 1.900000 1.933333 1.966667 2.000000 2.033333 2.066667 2.100000
2.133333 2.166667 2.200000 2.233333 2.266667 2.300000 2.333333 2.366667 2.400000 2.433333 2.466667 2.500000 2.533333 2.566667 2.600000 2.633333
2.666667 2.700000 2.733333 2.766667 2.800000 2.833333 2.866667 2.900000 2.933333</float_array>
        <technique_common>
          <accessor source="#mixamorig_Spine1-Matrix-animation-input-array" count="89">
            <param name="TIME" type="float"/>
          </accessor>
        </technique_common>
      </source>
      <source id="mixamorig_Spine1-Matrix-animation-output-transform">
        <float_array id="mixamorig_Spine1-Matrix-animation-output-transform-array" count="1424">

0.999998 0.001735 0.001293 -0.000000 -0.001818 0.997751 0.067008 12.452700 -0.001174 -0.067010 0.997752 0.000000 0.000000 0.000000 0.000000 1.000000
1.000000 0.000624 0.000471 -0.000000 -0.000653 0.997872 0.065206 12.452700 -0.000429 -0.065206 0.997872 -0.000000 0.000000 0.000000 0.000000 1.000000
1.000000 -0.000272 -0.000464 -0.000000 0.000301 0.997999 0.063223 12.452700 0.000445 -0.063223 0.997999 -0.000000 0.000000 0.000000 0.000000 1.000000
0.999998 -0.001068 -0.001961 -0.000000 0.001186 0.998121 0.061268 12.452700 0.001892 -0.061270 0.998119 0.000000 0.000000 0.000000 0.000000 1.000000
0.999989 -0.001863 -0.004222 0.000000 0.002111 0.998219 0.059614 12.452700 0.004103 -0.059622 0.998213 0.000000 0.000000 0.000000 0.000000 1.000000
0.999975 -0.002497 -0.006682 0.000000 0.002884 0.998282 0.058527 12.452700 0.006525 -0.058545 0.998263 0.000000 0.000000 0.000000 0.000000 1.000000
0.999963 -0.002530 -0.008228 0.000000 0.003005 0.998300 0.058204 12.452700 0.008067 -0.058227 0.998271 0.000000 0.000000 0.000000 0.000000 1.000000
0.999965 -0.001631 -0.008170 -0.000000 0.002108 0.998276 0.058664 12.452700 0.008060 -0.058679 0.998244 -0.000000 0.000000 0.000000 0.000000 1.000000
0.999976 0.000019 -0.006918 -0.000000 0.000393 0.998225 0.059562 12.452700 0.006907 -0.059564 0.998201 0.000000 0.000000 0.000000 0.000000 1.000000
0.999983 0.001759 -0.005541 0.000000 -0.001422 0.998181 0.060275 12.452700 0.005637 -0.060266 0.998166 -0.000000 0.000000 0.000000 0.000000 1.000000
0.999985 0.002837 -0.004750 -0.000000 -0.002545 0.998171 0.060404 12.452700 0.004913 -0.060391 0.998163 0.000000 0.000000 0.000000 0.000000 1.000000
0.999986 0.002881 -0.004379 -0.000000 -0.002612 0.998178 0.060284 12.452700 0.004545 -0.060271 0.998172 0.000000 0.000000 0.000000 0.000000 1.000000
0.999991 0.002286 -0.003587 -0.000000 -0.002064 0.998151 0.060748 12.452700 0.003719 -0.060741 0.998147 0.000000 0.000000 0.000000 0.000000 1.000000
0.999997 0.002148 -0.001404 0.000000 -0.002057 0.998061 0.062202 12.452700 0.001534 -0.062199 0.998063 0.000000 0.000000 0.000000 0.000000 1.000000
0.999991 0.003406 0.002576 0.000000 -0.003564 0.997947 0.063953 12.452700 -0.002353 -0.063962 0.997950 0.000000 0.000000 0.000000 0.000000 1.000000
0.999954 0.005756 0.007614 0.000000 -0.006237 0.997883 0.064729 12.452700 -0.007226 -0.064774 0.997874 -0.000000 0.000000 0.000000 0.000000 1.000000
0.999896 0.007770 0.012162 -0.000000 -0.008533 0.997917 0.063946 12.452700 -0.011640 -0.064043 0.997879 0.000000 0.000000 0.000000 0.000000 1.000000
0.999849 0.008356 0.015238 0.000000 -0.009289 0.998015 0.062289 12.452700 -0.014687 -0.062421 0.997942 0.000000 0.000000 0.000000 0.000000 1.000000
0.999820 0.007756 0.017333 0.000000 -0.008799 0.998103 0.060928 12.452700 -0.016827 -0.061069 0.997992 0.000000 0.000000 0.000000 0.000000 1.000000
0.999787 0.006869 0.019474 -0.000000 -0.008034 0.998145 0.060351 12.452700 -0.019023 -0.060495 0.997987 0.000000 0.000000 0.000000 0.000000 1.000000
0.999746 0.006109 0.021683 0.000000 -0.007404 0.998162 0.060144 12.452700 -0.021276 -0.060290 0.997954 0.000000 0.000000 0.000000 0.000000 1.000000
0.999720 0.005372 0.023043 -0.000000 -0.006741 0.998189 0.059779 12.452700 -0.022680 -0.059917 0.997946 0.000000 0.000000 0.000000 0.000000 1.000000
0.999722 0.004669 0.023132 0.000000 -0.006035 0.998220 0.059330 12.452700 -0.022814 -0.059453 0.997970 0.000000 0.000000 0.000000 0.000000 1.000000
0.999736 0.004218 0.022574 -0.000000 -0.005551 0.998223 0.059329 12.452700 -0.022284 -0.059439 0.997983 0.000000 0.000000 0.000000 0.000000 1.000000
0.999748 0.004040 0.022096 -0.000000 -0.005361 0.998179 0.060083 12.452700 -0.021813 -0.060187 0.997949 0.000000 0.000000 0.000000 0.000000 1.000000
0.999757 0.003763 0.021706 0.000000 -0.005086 0.998112 0.061213 12.452700 -0.021435 -0.061309 0.997889 0.000000 0.000000 0.000000 0.000000 1.000000
0.999775 0.002763 0.021024 0.000000 -0.004057 0.998083 0.061752 12.452700 -0.020814 -0.061824 0.997870 0.000000 0.000000 0.000000 0.000000 1.000000
0.999800 0.000513 0.019985 0.000000 -0.001728 0.998147 0.060824 12.452700 -0.019917 -0.060847 0.997948 0.000000 0.000000 0.000000 0.000000 1.000000
0.999817 -0.002857 0.018939 -0.000000 0.001743 0.998282 0.058562 12.452700 -0.019074 -0.058519 0.998104 -0.000000 0.000000 0.000000 0.000000 1.000000
0.999816 -0.006207 0.018154 0.000000 0.005175 0.998396 0.056377 12.452700 -0.018475 -0.056273 0.998244 0.000000 0.000000 0.000000 0.000000 1.000000
0.999818 -0.007926 0.017335 0.000000 0.006945 0.998411 0.055922 12.452700 -0.017751 -0.055791 0.998285 0.000000 0.000000 0.000000 0.000000 1.000000
0.999850 -0.007164 0.015750 0.000000 0.006246 0.998320 0.057599 12.452700 -0.016136 -0.057492 0.998216 0.000000 0.000000 0.000000 0.000000 1.000000
0.999905 -0.004534 0.013009 0.000000 0.003742 0.998177 0.060245 12.452700 -0.013258 -0.060190 0.998099 0.000000 0.000000 0.000000 0.000000 1.000000
0.999952 -0.001539 0.009677 -0.000000 0.000933 0.998056 0.062311 12.452700 -0.009754 -0.062299 0.998010 0.000000 0.000000 0.000000 0.000000 1.000000
0.999976 0.000638 0.006837 -0.000000 -0.001069 0.998002 0.063171 12.452700 -0.006783 -0.063176 0.997979 0.000000 0.000000 0.000000 0.000000 1.000000
0.999986 0.001839 0.005027 -0.000000 -0.002153 0.997990 0.063333 12.452700 -0.004900 -0.063343 0.997980 0.000000 0.000000 0.000000 0.000000 1.000000
