<?xml version="1.0" encoding="utf-8"?>
<COLLADA xmlns="http://www.collada.org/2005/11/COLLADASchema" version="1.4.1">
  <asset>
    <contributor>
      <author>Mixamo</author>
      <authoring_tool>COLLADA Mixamo exporter</authoring_tool>
      <comments/>
    </contributor>
    <created>2025-05-22T09:35:52Z</created>
    <modified>2025-05-22T09:35:52Z</modified>
    <revision/>
    <title/>
    <unit meter="0.010000"/>
    <up_axis>Y_UP</up_axis>
  </asset>
  <library_animations>
    <animation>
      <source id="mixamorig_Hips-Matrix-animation-input">
        <float_array id="mixamorig_Hips-Matrix-animation-input-array" count="48">

0.000000 0.033333 0.066667 0.100000 0.133333 0.166667 0.200000 0.233333 0.266667 0.300000 0.333333 0.366667 0.400000 0.433333 0.466667 0.500000
0.533333 0.566667 0.600000 0.633333 0.666667 0.700000 0.733333 0.766667 0.800000 0.833333 0.866667 0.900000 0.933333 0.966667 1.000000 1.033333
1.066667 1.100000 1.133333 1.166667 1.200000 1.233333 1.266667 1.300000 1.333333 1.366667 1.400000 1.433333 1.466667 1.500000 1.533333 1.566667</float_array>
        <technique_common>
          <accessor source="#mixamorig_Hips-Matrix-animation-input-array" count="48">
            <param name="TIME" type="float"/>
          </accessor>
        </technique_common>
      </source>
      <source id="mixamorig_Hips-Matrix-animation-output-transform">
        <float_array id="mixamorig_Hips-Matrix-animation-output-transform-array" count="768">

0.994488 0.051416 -0.091383 2.439074 -0.045550 0.996835 0.065162 53.201065 0.094444 -0.060641 0.993682 -0.455472 0.000000 0.000000 0.000000 1.000000
0.994796 0.035959 -0.095335 2.612791 -0.030570 0.997883 0.057394 51.655910 0.097197 -0.054181 0.993789 -0.841344 0.000000 0.000000 0.000000 1.000000
0.994084 0.006677 -0.108406 2.862238 -0.004997 0.999863 0.015763 49.905899 0.108496 -0.015128 0.993982 -1.654033 0.000000 0.000000 0.000000 1.000000
0.993406 -0.025007 -0.111893 3.054034 0.016029 0.996631 -0.080430 47.543423 0.113528 0.078106 0.990460 -2.635075 0.000000 0.000000 0.000000 1.000000
0.993708 -0.032698 -0.107122 3.158348 0.012137 0.982241 -0.187229 44.177483 0.111342 0.184751 0.976458 -3.314154 0.000000 0.000000 0.000000 1.000000
0.994058 -0.015271 -0.107773 3.281814 -0.013516 0.965130 -0.261421 39.652912 0.108007 0.261325 0.959189 -3.504168 0.000000 0.000000 0.000000 1.000000
0.994944 0.020002 -0.098418 3.447790 -0.052050 0.940783 -0.334990 35.352722 0.085889 0.338419 0.937068 -2.967978 0.000000 0.000000 0.000000 1.000000
0.996335 0.033322 -0.078776 3.464993 -0.063042 0.908536 -0.413024 31.968288 0.057808 0.416477 0.907307 -1.760040 0.000000 0.000000 0.000000 1.000000
0.997816 0.026186 -0.060642 3.354453 -0.051213 0.886521 -0.459845 29.412266 0.041719 0.461946 0.885926 -0.287575 0.000000 0.000000 0.000000 1.000000
0.998284 0.022137 -0.054208 3.308933 -0.044746 0.885546 -0.462392 27.821384 0.037768 0.464024 0.885017 1.116642 0.000000 0.000000 0.000000 1.000000
0.997860 0.006519 -0.065068 3.555746 -0.031912 0.917040 -0.397517 28.456657 0.057078 0.398742 0.915285 1.431417 0.000000 0.000000 0.000000 1.000000
0.996911 -0.012390 -0.077554 3.651375 -0.011040 0.955568 -0.294563 32.066597 0.077758 0.294509 0.952480 0.556374 0.000000 0.000000 0.000000 1.000000
0.997322 -0.027715 -0.067680 3.394625 0.014543 0.982087 -0.187865 38.051529 0.071674 0.186378 0.979860 -0.106624 0.000000 0.000000 0.000000 1.000000
0.998110 -0.048928 -0.037193 3.014247 0.045914 0.995898 -0.077968 47.073135 0.040855 0.076113 0.996262 0.194797 0.000000 0.000000 0.000000 1.000000
0.997472 -0.070184 -0.011166 2.523061 0.069614 0.996550 -0.045183 59.233803 0.014299 0.044292 0.998916 4.241354 0.000000 0.000000 0.000000 1.000000
0.997222 -0.073580 0.011575 2.334198 0.074471 0.987973 -0.135508 70.958977 -0.001465 0.135994 0.990709 7.182153 0.000000 0.000000 0.000000 1.000000
0.997152 -0.069596 0.029055 2.369011 0.073397 0.984106 -0.161701 83.637894 -0.017340 0.163373 0.986412 5.664939 0.000000 0.000000 0.000000 1.000000
0.998637 -0.048303 0.019752 2.304272 0.051072 0.982389 -0.179730 94.007347 -0.010723 0.180493 0.983518 3.942042 0.000000 0.000000 0.000000 1.000000
0.999526 -0.030162 0.006213 2.535061 0.030766 0.969251 -0.244142 100.939606 0.001342 0.244217 0.969720 5.573151 0.000000 0.000000 0.000000 1.000000
0.999774 -0.021174 -0.002035 3.442498 0.020229 0.975997 -0.216843 101.535782 0.006577 0.216752 0.976204 9.472645 0.000000 0.000000 0.000000 1.000000
0.999964 0.007641 -0.003626 2.925584 -0.008126 0.986860 -0.161375 99.514725 0.002346 0.161399 0.986886 9.746583 0.000000 0.000000 0.000000 1.000000
0.999742 0.016119 0.016003 3.106326 -0.012315 0.976678 -0.214357 98.099426 -0.019085 0.214105 0.976624 7.464897 0.000000 0.000000 0.000000 1.000000
0.998759 0.034200 0.036200 3.209002 -0.022670 0.959448 -0.280972 91.449577 -0.044341 0.279803 0.959033 3.315548 0.000000 0.000000 0.000000 1.000000
0.998363 0.050063 0.027669 3.579441 -0.040579 0.960800 -0.274256 80.755280 -0.040315 0.272684 0.961258 1.970332 0.000000 0.000000 0.000000 1.000000
0.997689 0.066296 0.014857 3.920973 -0.059785 0.960562 -0.271562 66.842957 -0.032275 0.270047 0.962306 2.004944 0.000000 0.000000 0.000000 1.000000
0.995882 0.079016 0.044438 3.607520 -0.061510 0.949054 -0.309052 50.989250 -0.066594 0.305046 0.950007 1.702453 0.000000 0.000000 0.000000 1.000000
0.992117 0.088167 0.089049 3.810855 -0.056859 0.949980 -0.307091 38.308987 -0.111670 0.299607 0.947505 0.227274 0.000000 0.000000 0.000000 1.000000
0.989373 0.090802 0.113562 4.193305 -0.055584 0.957900 -0.281669 30.544605 -0.134357 0.272363 0.952768 2.070642 0.000000 0.000000 0.000000 1.000000
0.981582 0.102646 0.161122 3.751169 -0.051944 0.955019 -0.291961 26.207550 -0.183843 0.278215 0.942761 1.074582 0.000000 0.000000 0.000000 1.000000
0.976160 0.102614 0.191266 3.369838 -0.038535 0.949125 -0.312534 24.560261 -0.213605 0.297713 0.930451 0.355776 0.000000 0.000000 0.000000 1.000000
0.979509 0.096660 0.176691 3.373275 -0.032104 0.941021 -0.336822 25.078579 -0.198827 0.324247 0.924841 0.550541 0.000000 0.000000 0.000000 1.000000
0.978567 0.113077 0.172106 3.678355 -0.046648 0.935749 -0.349569 26.636383 -0.200576 0.334048 0.920968 0.216190 0.000000 0.000000 0.000000 1.000000
0.978822 0.128605 0.159271 3.881945 -0.067450 0.937194 -0.342224 29.407904 -0.193280 0.324234 0.926021 -0.475646 0.000000 0.000000 0.000000 1.000000
0.979783 0.139277 0.143620 3.636001 -0.085525 0.940565 -0.328668 32.682369 -0.180860 0.309740 0.933462 -1.211517 0.000000 0.000000 0.000000 1.000000
0.980957 0.138200 0.136469 3.135574 -0.093627 0.952083 -0.291157 36.594673 -0.170168 0.272836 0.946892 -1.962911 0.000000 0.000000 0.000000 1.000000
0.986901 0.105184 0.122326 2.592187 -0.075680 0.971469 -0.224766 41.601620 -0.142478 0.212564 0.966704 -2.689376 0.000000 0.000000 0.000000 1.000000
0.992559 0.070425 0.099337 2.220230 -0.052012 0.982823 -0.177071 46.397530 -0.110101 0.170586 0.979172 -3.285447 0.000000 0.000000 0.000000 1.000000
0.996124 0.048965 0.073068 2.325424 -0.037846 0.988491 -0.146471 50.108223 -0.079399 0.143138 0.986513 -3.448602 0.000000 0.000000 0.000000 1.000000
0.998988 0.031672 0.031939 2.289477 -0.028535 0.995135 -0.094296 52.434334 -0.034771 0.093290 0.995032 -3.163642 0.000000 0.000000 0.000000 1.000000
0.999318 0.026525 -0.025695 2.168777 -0.027827 0.998274 -0.051709 53.551071 0.024279 0.052389 0.998332 -2.762402 0.000000 0.000000 0.000000 1.000000
0.996190 0.030210 -0.081806 2.145106 -0.031774 0.999335 -0.017882 53.590080 0.081211 0.020413 0.996488 -2.360650 0.000000 0.000000 0.000000 1.000000
0.993037 0.041366 -0.110304 2.063670 -0.038209 0.998802 0.030582 53.365791 0.111436 -0.026155 0.993427 -2.070194 0.000000 0.000000 0.000000 1.000000
0.992688 0.050614 -0.109588 2.053137 -0.042895 0.996505 0.071683 53.265240 0.112833 -0.066458 0.991389 -1.747501 0.000000 0.000000 0.000000 1.000000
0.994068 0.047923 -0.097637 2.132497 -0.039941 0.995821 0.082128 53.278938 0.101164 -0.077741 0.991828 -1.360978 0.000000 0.000000 0.000000 1.000000
0.994965 0.045589 -0.089252 2.223526 -0.038212 0.995843 0.082685 53.201859 0.092651 -0.078858 0.992571 -1.027174 0.000000 0.000000 0.000000 1.000000
0.994451 0.048481 -0.093368 2.315275 -0.040728 0.995698 0.083221 53.117741 0.097001 -0.078956 0.992148 -0.789133 0.000000 0.000000 0.000000 1.000000
0.994086 0.050775 -0.095999 2.393557 -0.043639 0.996226 0.075027 53.126648 0.099446 -0.070394 0.992550 -0.608576 0.000000 0.000000 0.000000 1.000000
0.994488 0.051416 -0.091383 2.439073 -0.045550 0.996835 0.065162 53.201069 0.094444 -0.060641 0.993682 -0.455472 0.000000 0.000000 0.000000 1.000000</float_array>
        <technique_common>
          <accessor source="#mixamorig_Hips-Matrix-animation-output-transform-array" count="48" stride="16">
            <param type="float4x4"/>
          </accessor>
        </technique_common>
      </source>
      <source id="mixamorig_Hips-Interpolations">
        <Name_array id="mixamorig_Hips-Interpolations-array" count="48">
 LINEAR LINEAR LINEAR LINEAR LINEAR LINEAR LINEAR LINEAR LINEAR LINEAR LINEAR
LINEAR LINEAR LINEAR LINEAR LINEAR LINEAR LINEAR LINEAR LINEAR LINEAR LINEAR LINEAR
LINEAR LINEAR LINEAR LINEAR LINEAR LINEAR LINEAR LINEAR LINEAR LINEAR LINEAR LINEAR
LINEAR LINEAR LINEAR LINEAR LINEAR LINEAR LINEAR LINEAR LINEAR LINEAR LINEAR LINEAR
LINEAR</Name_array>
        <technique_common>
          <accessor source="#mixamorig_Hips-Interpolations-array" count="48">
            <param type="name"/>
          </accessor>
        </technique_common>
      </source>
      <sampler id="mixamorig_Hips-Matrix-animation-transform">
        <input semantic="INPUT" source="#mixamorig_Hips-Matrix-animation-input"/>
        <input semantic="OUTPUT" source="#mixamorig_Hips-Matrix-animation-output-transform"/>
        <input semantic="INTERPOLATION" source="#mixamorig_Hips-Interpolations"/>
      </sampler>
      <channel source="#mixamorig_Hips-Matrix-animation-transform" target="mixamorig_Hips/matrix"/>
      <source id="mixamorig_Spine-Matrix-animation-input">
        <float_array id="mixamorig_Spine-Matrix-animation-input-array" count="48">

0.000000 0.033333 0.066667 0.100000 0.133333 0.166667 0.200000 0.233333 0.266667 0.300000 0.333333 0.366667 0.400000 0.433333 0.466667 0.500000
0.533333 0.566667 0.600000 0.633333 0.666667 0.700000 0.733333 0.766667 0.800000 0.833333 0.866667 0.900000 0.933333 0.966667 1.000000 1.033333
1.066667 1.100000 1.133333 1.166667 1.200000 1.233333 1.266667 1.300000 1.333333 1.366667 1.400000 1.433333 1.466667 1.500000 1.533333 1.566667</float_array>
        <technique_common>
          <accessor source="#mixamorig_Spine-Matrix-animation-input-array" count="48">
            <param name="TIME" type="float"/>
          </accessor>
        </technique_common>
      </source>
      <source id="mixamorig_Spine-Matrix-animation-output-transform">
        <float_array id="mixamorig_Spine-Matrix-animation-output-transform-array" count="768">

0.999084 -0.033705 0.026362 0.000000 0.035109 0.997883 -0.054749 10.673700 -0.024461 0.055624 0.998152 -0.032200 0.000000 0.000000 0.000000 1.000000
0.999368 -0.027873 0.022081 0.000000 0.030489 0.991217 -0.128686 10.673700 -0.018300 0.129278 0.991440 -0.032200 0.000000 0.000000 0.000000 1.000000
0.999891 -0.006799 0.013108 -0.000000 0.009554 0.974734 -0.223166 10.673700 -0.011259 0.223267 0.974692 -0.032200 0.000000 0.000000 0.000000 1.000000
0.999662 0.024832 0.007726 0.000000 -0.021389 0.954058 -0.298858 10.673700 -0.014792 0.298592 0.954266 -0.032200 0.000000 0.000000 0.000000 1.000000
0.998929 0.045669 0.007489 0.000000 -0.039413 0.924327 -0.379561 10.673700 -0.024257 0.378859 0.925136 -0.032200 0.000000 0.000000 0.000000 1.000000
0.999400 0.034365 -0.004425 0.000000 -0.032148 0.872064 -0.488334 10.673700 -0.012923 0.488183 0.872645 -0.032200 0.000000 0.000000 0.000000 1.000000
0.999819 0.003498 -0.018697 0.000000 -0.013559 0.820455 -0.571550 10.673700 0.013341 0.571700 0.820354 -0.032200 0.000000 0.000000 0.000000 1.000000
0.999892 -0.001096 -0.014669 0.000000 -0.008152 0.788799 -0.614597 10.673700 0.012244 0.614650 0.788705 -0.032200 0.000000 0.000000 0.000000 1.000000
0.999908 0.013163 -0.003284 0.000000 -0.012244 0.771293 -0.636362 10.673700 -0.005843 0.636344 0.771383 -0.032200 0.000000 0.000000 0.000000 1.000000
0.999911 0.012192 0.005417 -0.000000 -0.005951 0.770978 -0.636834 10.673700 -0.011941 0.636746 0.770982 -0.032200 0.000000 0.000000 0.000000 1.000000
0.999811 0.013157 0.014346 0.000000 -0.001395 0.783533 -0.621349 10.673700 -0.019416 0.621211 0.783402 -0.032200 0.000000 0.000000 0.000000 1.000000
0.999494 0.025834 0.018552 0.000000 -0.010789 0.824113 -0.566323 10.673700 -0.029919 0.565836 0.823975 -0.032200 0.000000 0.000000 0.000000 1.000000
0.999227 0.037714 0.011094 0.000000 -0.027147 0.866083 -0.499163 10.673700 -0.028434 0.498476 0.866437 -0.032200 0.000000 0.000000 0.000000 1.000000
0.999461 0.032371 -0.005374 -0.000000 -0.031084 0.881479 -0.471199 10.673700 -0.010516 0.471112 0.882011 -0.032200 0.000000 0.000000 0.000000 1.000000
0.999571 0.020370 -0.021060 0.000000 -0.026279 0.941165 -0.336923 10.673700 0.012958 0.337332 0.941297 -0.032200 0.000000 0.000000 0.000000 1.000000
0.999148 0.020557 -0.035799 0.000000 -0.025363 0.989907 -0.139432 10.673700 0.032571 0.140221 0.989584 -0.032200 0.000000 0.000000 0.000000 1.000000
0.998595 0.010550 -0.051931 0.000000 -0.019651 0.983834 -0.178004 10.673700 0.049214 0.178774 0.982659 -0.032200 0.000000 0.000000 0.000000 1.000000
0.999421 -0.016115 -0.029965 0.000000 0.003779 0.927846 -0.372945 10.673700 0.033813 0.372615 0.927370 -0.032200 0.000000 0.000000 0.000000 1.000000
0.999497 -0.025798 0.018440 0.000000 0.031706 0.823064 -0.567063 10.673700 -0.000548 0.567363 0.823468 -0.032200 0.000000 0.000000 0.000000 1.000000
0.998694 -0.009969 0.050118 0.000000 0.043339 0.684847 -0.727397 10.673700 -0.027071 0.728619 0.684384 -0.032200 0.000000 0.000000 0.000000 1.000000
0.998236 -0.000700 0.059367 -0.000000 0.047010 0.620058 -0.783146 10.673700 -0.036263 0.784556 0.618997 -0.032200 0.000000 0.000000 0.000000 1.000000
0.998973 -0.007033 0.044759 -0.000000 0.036196 0.718089 -0.695010 10.673700 -0.027253 0.695916 0.717606 -0.032200 0.000000 0.000000 0.000000 1.000000
0.998013 -0.034496 0.052731 -0.000000 0.056842 0.854021 -0.517125 10.673700 -0.027195 0.519094 0.854284 -0.032200 0.000000 0.000000 0.000000 1.000000
0.997439 -0.047884 0.053129 -0.000000 0.064612 0.921813 -0.382212 10.673700 -0.030673 0.384666 0.922546 -0.032200 0.000000 0.000000 0.000000 1.000000
0.997729 -0.056941 0.035994 0.000000 0.065230 0.950065 -0.305157 10.673700 -0.016820 0.306812 0.951622 -0.032200 0.000000 0.000000 0.000000 1.000000
0.995960 -0.084353 0.030783 0.000000 0.089794 0.937455 -0.336325 10.673700 -0.000488 0.337730 0.941243 -0.032200 0.000000 0.000000 0.000000 1.000000
0.992678 -0.113985 0.039977 0.000000 0.117787 0.840071 -0.529535 10.673700 0.026775 0.530367 0.847345 -0.032200 0.000000 0.000000 0.000000 1.000000
0.994595 -0.098513 0.032793 0.000000 0.092309 0.694402 -0.713642 10.673700 0.047532 0.712812 0.699743 -0.032200 0.000000 0.000000 0.000000 1.000000
0.994515 -0.098945 0.033914 0.000000 0.084281 0.566041 -0.820057 10.673700 0.061943 0.818418 0.571276 -0.032200 0.000000 0.000000 0.000000 1.000000
0.990849 -0.115793 0.069354 0.000000 0.113969 0.442465 -0.889514 10.673700 0.072312 0.889279 0.451613 -0.032200 0.000000 0.000000 0.000000 1.000000
0.991805 -0.092866 0.087745 -0.000000 0.116856 0.381714 -0.916864 10.673700 0.051652 0.919603 0.389438 -0.032200 0.000000 0.000000 0.000000 1.000000
0.993288 -0.094160 0.067181 0.000000 0.099712 0.402666 -0.909900 10.673700 0.058625 0.910491 0.409352 -0.032200 0.000000 0.000000 0.000000 1.000000
0.992858 -0.111510 0.042402 -0.000000 0.090487 0.472268 -0.876798 10.673700 0.077746 0.874373 0.478985 -0.032200 0.000000 0.000000 0.000000 1.000000
0.993957 -0.106511 0.026543 -0.000000 0.085567 0.600356 -0.795142 10.673700 0.068756 0.792608 0.605842 -0.032200 0.000000 0.000000 0.000000 1.000000
0.995573 -0.093205 0.012166 0.000000 0.076627 0.729817 -0.679335 10.673700 0.054439 0.677259 0.733728 -0.032200 0.000000 0.000000 0.000000 1.000000
0.997869 -0.065158 0.003534 -0.000000 0.054730 0.806212 -0.589090 10.673700 0.035535 0.588028 0.808060 -0.032200 0.000000 0.000000 0.000000 1.000000
0.999507 -0.031147 0.003944 0.000000 0.028884 0.863012 -0.504357 10.673700 0.012305 0.504223 0.863486 -0.032200 0.000000 0.000000 0.000000 1.000000
0.999897 -0.010519 0.009715 -0.000000 0.013584 0.911410 -0.411276 10.673700 -0.004528 0.411365 0.911459 -0.032200 0.000000 0.000000 0.000000 1.000000
0.999781 0.002678 0.020733 -0.000000 0.004404 0.942515 -0.334135 10.673700 -0.020436 0.334153 0.942297 -0.032200 0.000000 0.000000 0.000000 1.000000
0.999186 0.011996 0.038514 0.000000 -0.001427 0.964677 -0.263431 10.673700 -0.040314 0.263162 0.963909 -0.032200 0.000000 0.000000 0.000000 1.000000
0.998510 0.010646 0.053514 0.000000 0.000931 0.977313 -0.211798 10.673700 -0.054555 0.211533 0.975847 -0.032200 0.000000 0.000000 0.000000 1.000000
0.998410 -0.007438 0.055873 0.000000 0.017877 0.981862 -0.188752 10.673700 -0.053455 0.189450 0.980434 -0.032200 0.000000 0.000000 0.000000 1.000000
0.998411 -0.028595 0.048563 -0.000000 0.035743 0.987524 -0.153361 10.673700 -0.043571 0.154853 0.986976 -0.032200 0.000000 0.000000 0.000000 1.000000
0.998765 -0.035658 0.034604 0.000000 0.039057 0.993904 -0.103098 10.673700 -0.030716 0.104322 0.994069 -0.032200 0.000000 0.000000 0.000000 1.000000
0.999062 -0.036655 0.023056 0.000000 0.038302 0.996399 -0.075639 10.673700 -0.020200 0.076451 0.996869 -0.032200 0.000000 0.000000 0.000000 1.000000
0.998947 -0.038777 0.024520 -0.000000 0.040372 0.996847 -0.068305 10.673700 -0.021794 0.069223 0.997363 -0.032200 0.000000 0.000000 0.000000 1.000000
0.998869 -0.037639 0.029042 -0.000000 0.039344 0.997389 -0.060553 10.673700 -0.026687 0.061628 0.997742 -0.032200 0.000000 0.000000 0.000000 1.000000
0.999084 -0.033705 0.026362 0.000000 0.035109 0.997883 -0.054749 10.673700 -0.024461 0.055624 0.998152 -0.032200 0.000000 0.000000 0.000000 1.000000</float_array>
        <technique_common>
          <accessor source="#mixamorig_Spine-Matrix-animation-output-transform-array" count="48" stride="16">
            <param type="float4x4"/>
          </accessor>
        </technique_common>
      </source>
      <source id="mixamorig_Spine-Interpolations">
        <Name_array id="mixamorig_Spine-Interpolations-array" count="48">
 LINEAR LINEAR LINEAR LINEAR LINEAR LINEAR LINEAR LINEAR LINEAR LINEAR LINEAR
LINEAR LINEAR LINEAR LINEAR LINEAR LINEAR LINEAR LINEAR LINEAR LINEAR LINEAR LINEAR
LINEAR LINEAR LINEAR LINEAR LINEAR LINEAR LINEAR LINEAR LINEAR LINEAR LINEAR LINEAR
LINEAR LINEAR LINEAR LINEAR LINEAR LINEAR LINEAR LINEAR LINEAR LINEAR LINEAR LINEAR
LINEAR</Name_array>
        <technique_common>
          <accessor source="#mixamorig_Spine-Interpolations-array" count="48">
            <param type="name"/>
          </accessor>
        </technique_common>
      </source>
      <sampler id="mixamorig_Spine-Matrix-animation-transform">
        <input semantic="INPUT" source="#mixamorig_Spine-Matrix-animation-input"/>
        <input semantic="OUTPUT" source="#mixamorig_Spine-Matrix-animation-output-transform"/>
        <input semantic="INTERPOLATION" source="#mixamorig_Spine-Interpolations"/>
      </sampler>
      <channel source="#mixamorig_Spine-Matrix-animation-transform" target="mixamorig_Spine/matrix"/>
      <source id="mixamorig_Spine1-Matrix-animation-input">
        <float_array id="mixamorig_Spine1-Matrix-animation-input-array" count="48">

0.000000 0.033333 0.066667 0.100000 0.133333 0.166667 0.200000 0.233333 0.266667 0.300000 0.333333 0.366667 0.400000 0.433333 0.466667 0.500000
0.533333 0.566667 0.600000 0.633333 0.666667 0.700000 0.733333 0.766667 0.800000 0.833333 0.866667 0.900000 0.933333 0.966667 1.000000 1.033333
1.066667 1.100000 1.133333 1.166667 1.200000 1.233333 1.266667 1.300000 1.333333 1.366667 1.400000 1.433333 1.466667 1.500000 1.533333 1.566667</float_array>
        <technique_common>
          <accessor source="#mixamorig_Spine1-Matrix-animation-input-array" count="48">
            <param name="TIME" type="float"/>
          </accessor>
        </technique_common>
      </source>
      <source id="mixamorig_Spine1-Matrix-animation-output-transform">
        <float_array id="mixamorig_Spine1-Matrix-animation-output-transform-array" count="768">

0.999616 -0.027118 0.005663 0.000000 0.027226 0.999429 -0.020001 12.452700 -0.005117 0.020148 0.999784 0.000000 0.000000 0.000000 0.000000 1.000000
0.999786 -0.020166 0.004544 -0.000000 0.020144 0.999785 0.004911 12.452700 -0.004642 -0.004818 0.999978 0.000000 0.000000 0.000000 0.000000 1.000000
0.999908 -0.013034 0.003633 0.000000 0.012953 0.999686 0.021445 12.452700 -0.003912 -0.021396 0.999763 -0.000000 0.000000 0.000000 0.000000 1.000000
0.999909 -0.012874 0.004042 -0.000000 0.012805 0.999779 0.016695 12.452700 -0.004256 -0.016642 0.999852 0.000000 0.000000 0.000000 0.000000 1.000000
0.999774 -0.020608 0.005223 0.000000 0.020577 0.999771 0.005943 12.452700 -0.005344 -0.005834 0.999969 0.000000 0.000000 0.000000 0.000000 1.000000
0.999737 -0.022633 0.003796 -0.000000 0.022621 0.999739 0.003190 12.452700 -0.003867 -0.003104 0.999988 0.000000 0.000000 0.000000 0.000000 1.000000
0.999842 -0.017733 0.000940 -0.000000 0.017729 0.999834 0.004110 12.452700 -0.001012 -0.004092 0.999991 0.000000 0.000000 0.000000 0.000000 1.000000
0.999807 -0.019638 0.000997 -0.000000 0.019623 0.999724 0.012897 12.452700 -0.001250 -0.012875 0.999916 0.000000 0.000000 0.000000 0.000000 1.000000
0.999633 -0.026931 0.002758 0.000000 0.026873 0.999455 0.019160 12.452700 -0.003272 -0.019079 0.999813 -0.000000 0.000000 0.000000 0.000000 1.000000
0.999553 -0.029665 0.003614 0.000000 0.029596 0.999399 0.018025 12.452700 -0.004146 -0.017910 0.999831 -0.000000 0.000000 0.000000 0.000000 1.000000
0.999669 -0.025427 0.003977 -0.000000 0.025331 0.999425 0.022542 12.452700 -0.004548 -0.022433 0.999738 0.000000 0.000000 0.000000 0.000000 1.000000
0.999777 -0.020715 0.004087 0.000000 0.020606 0.999472 0.025110 12.452700 -0.004605 -0.025020 0.999676 0.000000 0.000000 0.000000 0.000000 1.000000
0.999853 -0.016892 0.003009 0.000000 0.016754 0.999015 0.041078 12.452700 -0.003700 -0.041021 0.999151 -0.000000 0.000000 0.000000 0.000000 1.000000
0.999998 -0.002007 -0.000071 0.000000 0.002007 0.996758 0.080430 12.452700 -0.000091 -0.080430 0.996760 -0.000000 0.000000 0.000000 0.000000 1.000000
0.999877 0.015236 -0.003740 0.000000 -0.014939 0.997468 0.069534 12.452700 0.004790 -0.069470 0.997573 -0.000000 0.000000 0.000000 0.000000 1.000000
0.999825 0.017472 -0.006746 0.000000 -0.017390 0.999776 0.012089 12.452700 0.006955 -0.011969 0.999904 0.000000 0.000000 0.000000 0.000000 1.000000
0.999840 0.015285 -0.009301 0.000000 -0.015475 0.999667 -0.020666 12.452700 0.008982 0.020806 0.999743 0.000000 0.000000 0.000000 0.000000 1.000000
0.999808 0.017478 -0.008899 -0.000000 -0.017553 0.999810 -0.008430 12.452700 0.008750 0.008584 0.999925 -0.000000 0.000000 0.000000 0.000000 1.000000
0.999763 0.020756 -0.006517 0.000000 -0.020363 0.998253 0.055461 12.452700 0.007657 -0.055315 0.998440 0.000000 0.000000 0.000000 0.000000 1.000000
0.999836 0.016852 -0.006646 -0.000000 -0.016032 0.993972 0.108458 12.452700 0.008433 -0.108334 0.994079 0.000000 0.000000 0.000000 0.000000 1.000000
0.999946 0.005676 -0.008753 0.000000 -0.004618 0.993180 0.116503 12.452700 0.009354 -0.116456 0.993152 0.000000 0.000000 0.000000 0.000000 1.000000
0.999936 0.002975 -0.010903 0.000000 -0.001932 0.995521 0.094520 12.452700 0.011135 -0.094493 0.995463 0.000000 0.000000 0.000000 0.000000 1.000000
0.999878 0.007231 -0.013822 0.000000 -0.006441 0.998389 0.056367 12.452700 0.014208 -0.056271 0.998314 0.000000 0.000000 0.000000 0.000000 1.000000
0.999823 0.003963 -0.018385 0.000000 -0.003523 0.999708 0.023896 12.452700 0.018474 -0.023827 0.999545 -0.000000 0.000000 0.000000 0.000000 1.000000
0.999692 -0.005279 -0.024246 0.000000 0.005440 0.999964 0.006582 12.452700 0.024211 -0.006712 0.999684 -0.000000 0.000000 0.000000 0.000000 1.000000
0.999470 -0.012878 -0.029900 0.000000 0.013708 0.999522 0.027720 12.452700 0.029528 -0.028115 0.999168 -0.000000 0.000000 0.000000 0.000000 1.000000
0.999206 -0.019990 -0.034475 0.000000 0.022223 0.997595 0.065654 12.452700 0.033080 -0.066368 0.997247 0.000000 0.000000 0.000000 0.000000 1.000000
0.998344 -0.043365 -0.037798 0.000000 0.046276 0.995729 0.079885 12.452700 0.034173 -0.081502 0.996087 -0.000000 0.000000 0.000000 0.000000 1.000000
0.997100 -0.063614 -0.041770 0.000000 0.067884 0.991574 0.110328 12.452700 0.034400 -0.112843 0.993017 0.000000 0.000000 0.000000 0.000000 1.000000
0.996791 -0.066991 -0.043815 -0.000000 0.072602 0.987143 0.142400 12.452700 0.033712 -0.145124 0.988839 0.000000 0.000000 0.000000 0.000000 1.000000
0.996419 -0.073052 -0.042578 0.000000 0.078387 0.986869 0.141226 12.452700 0.031702 -0.144058 0.989061 0.000000 0.000000 0.000000 0.000000 1.000000
0.996775 -0.067784 -0.042955 0.000000 0.072975 0.988317 0.133806 12.452700 0.033383 -0.136509 0.990076 0.000000 0.000000 0.000000 0.000000 1.000000
0.997605 -0.053766 -0.043504 0.000000 0.058899 0.990165 0.126902 12.452700 0.036253 -0.129160 0.990961 0.000000 0.000000 0.000000 0.000000 1.000000
0.997870 -0.050084 -0.041790 0.000000 0.053870 0.994016 0.095024 12.452700 0.036781 -0.097073 0.994597 -0.000000 0.000000 0.000000 0.000000 1.000000
0.998126 -0.046645 -0.039605 -0.000000 0.048701 0.997426 0.052636 12.452700 0.037048 -0.054466 0.997828 0.000000 0.000000 0.000000 0.000000 1.000000
0.998552 -0.039063 -0.036978 -0.000000 0.040341 0.998591 0.034466 12.452700 0.035580 -0.035908 0.998722 0.000000 0.000000 0.000000 0.000000 1.000000
0.998870 -0.033807 -0.033405 0.000000 0.034999 0.998747 0.035772 12.452700 0.032154 -0.036900 0.998802 0.000000 0.000000 0.000000 0.000000 1.000000
0.999160 -0.028194 -0.029731 -0.000000 0.029361 0.998784 0.039593 12.452700 0.028579 -0.040433 0.998773 -0.000000 0.000000 0.000000 0.000000 1.000000
0.999399 -0.023379 -0.025610 0.000000 0.024421 0.998854 0.041160 12.452700 0.024619 -0.041761 0.998824 -0.000000 0.000000 0.000000 0.000000 1.000000
0.999513 -0.023544 -0.020457 0.000000 0.024475 0.998617 0.046537 12.452700 0.019333 -0.047015 0.998707 0.000000 0.000000 0.000000 0.000000 1.000000
0.999517 -0.027023 -0.015370 -0.000000 0.027822 0.998129 0.054446 12.452700 0.013870 -0.054847 0.998398 0.000000 0.000000 0.000000 0.000000 1.000000
0.999511 -0.028923 -0.011852 -0.000000 0.029427 0.998562 0.044807 12.452700 0.010539 -0.045134 0.998925 -0.000000 0.000000 0.000000 0.000000 1.000000
0.999550 -0.028460 -0.009439 -0.000000 0.028620 0.999441 0.017285 12.452700 0.008942 -0.017548 0.999806 0.000000 0.000000 0.000000 0.000000 1.000000
0.999620 -0.026569 -0.007403 0.000000 0.026563 0.999647 -0.001008 12.452700 0.007427 0.000811 0.999972 0.000000 0.000000 0.000000 0.000000 1.000000
0.999678 -0.024891 -0.005019 0.000000 0.024862 0.999674 -0.005840 12.452700 0.005162 0.005714 0.999970 0.000000 0.000000 0.000000 0.000000 1.000000
0.999669 -0.025690 -0.001251 0.000000 0.025674 0.999602 -0.011691 12.452700 0.001551 0.011655 0.999931 -0.000000 0.000000 0.000000 0.000000 1.000000
0.999630 -0.027075 0.002741 -0.000000 0.027119 0.999472 -0.017921 12.452700 -0.002254 0.017989 0.999836 0.000000 0.000000 0.000000 0.000000 1.000000
0.999616 -0.027118 0.005663 0.000000 0.027226 0.999429 -0.020001 12.452700 -0.005117 0.020148 0.999784 -0.000000 0.000000 0.000000 0.000000 1.000000</float_array>
        <technique_common>
          <accessor source="#mixamorig_Spine1-Matrix-animation-output-transform-array" count="48" stride="16">
            <param type="float4x4"/>
          </accessor>
        </technique_common>
      </source>
      <source id="mixamorig_Spine1-Interpolations">
        <Name_array id="mixamorig_Spine1-Interpolations-array" count="48">
 LINEAR LINEAR LINEAR LINEAR LINEAR LINEAR LINEAR LINEAR LINEAR LINEAR LINEAR
LINEAR LINEAR LINEAR LINEAR LINEAR LINEAR LINEAR LINEAR LINEAR LINEAR LINEAR LINEAR
LINEAR LINEAR LINEAR LINEAR LINEAR LINEAR LINEAR LINEAR LINEAR LINEAR LINEAR LINEAR
LINEAR LINEAR LINEAR LINEAR LINEAR LINEAR LINEAR LINEAR LINEAR LINEAR LINEAR LINEAR
LINEAR</Name_array>
        <technique_common>
          <accessor source="#mixamorig_Spine1-Interpolations-array" count="48">
            <param type="name"/>
          </accessor>
        </technique_common>
      </source>
      <sampler id="mixamorig_Spine1-Matrix-animation-transform">
        <input semantic="INPUT" source="#mixamorig_Spine1-Matrix-animation-input"/>
        <input semantic="OUTPUT" source="#mixamorig_Spine1-Matrix-animation-output-transform"/>
        <input semantic="INTERPOLATION" source="#mixamorig_Spine1-Interpolations"/>
      </sampler>
      <channel source="#mixamorig_Spine1-Matrix-animation-transform" target="mixamorig_Spine1/matrix"/>
      <source id="mixamorig_Spine2-Matrix-animation-input">
        <float_array id="mixamorig_Spine2-Matrix-animation-input-array" count="48">

0.000000 0.033333 0.066667 0.100000 0.133333 0.166667 0.200000 0.233333 0.266667 0.300000 0.333333 0.366667 0.400000 0.433333 0.466667 0.500000
0.533333 0.566667 0.600000 0.633333 0.666667 0.700000 0.733333 0.766667 0.800000 0.833333 0.866667 0.900000 0.933333 0.966667 1.000000 1.033333
1.066667 1.100000 1.133333 1.166667 1.200000 1.233333 1.266667 1.300000 1.333333 1.366667 1.400000 1.433333 1.466667 1.500000 1.533333 1.566667</float_array>
        <technique_common>
          <accessor source="#mixamorig_Spine2-Matrix-animation-input-array" count="48">
            <param name="TIME" type="float"/>
          </accessor>
        </technique_common>
      </source>
      <source id="mixamorig_Spine2-Matrix-animation-output-transform">
        <float_array id="mixamorig_Spine2-Matrix-animation-output-transform-array" count="768">

0.999614 -0.027084 0.006135 0.000000 0.027199 0.999438 -0.019612 14.231700 -0.005600 0.019771 0.999789 0.000000 0.000000 0.000000 0.000000 1.000000
0.999787 -0.020060 0.004891 0.000000 0.020034 0.999786 0.005236 14.231700 -0.004995 -0.005137 0.999974 0.000000 0.000000 0.000000 0.000000 1.000000
0.999910 -0.012893 0.003757 -0.000000 0.012808 0.999682 0.021705 14.231700 -0.004036 -0.021655 0.999757 0.000000 0.000000 0.000000 0.000000 1.000000
0.999910 -0.012724 0.004139 0.000000 0.012653 0.999777 0.016920 14.231700 -0.004353 -0.016866 0.999848 -0.000000 0.000000 0.000000 0.000000 1.000000
0.999775 -0.020418 0.005712 0.000000 0.020383 0.999773 0.006149 14.231700 -0.005836 -0.006031 0.999965 0.000000 0.000000 0.000000 0.000000 1.000000
0.999737 -0.022476 0.004607 0.000000 0.022461 0.999742 0.003325 14.231700 -0.004681 -0.003221 0.999984 0.000000 0.000000 0.000000 0.000000 1.000000
0.999842 -0.017699 0.001762 0.000000 0.017692 0.999835 0.004156 14.231700 -0.001835 -0.004124 0.999990 0.000000 0.000000 0.000000 0.000000 1.000000
0.999806 -0.019602 0.002026 -0.000000 0.019574 0.999725 0.012911 14.231700 -0.002278 -0.012869 0.999915 0.000000 0.000000 0.000000 0.000000 1.000000
0.999635 -0.026675 0.004216 0.000000 0.026590 0.999462 0.019184 14.231700 -0.004726 -0.019065 0.999807 0.000000 0.000000 0.000000 0.000000 1.000000
0.999538 -0.029946 0.005272 0.000000 0.029846 0.999391 0.018070 14.231700 -0.005810 -0.017904 0.999823 0.000000 0.000000 0.000000 0.000000 1.000000
0.999573 -0.028706 0.005537 -0.000000 0.028574 0.999335 0.022630 14.231700 -0.006183 -0.022462 0.999729 -0.000000 0.000000 0.000000 0.000000 1.000000
0.999543 -0.029726 0.005558 0.000000 0.029577 0.999243 0.025266 14.231700 -0.006305 -0.025090 0.999665 0.000000 0.000000 0.000000 0.000000 1.000000
0.999428 -0.033537 0.004425 0.000000 0.033326 0.998591 0.041301 14.231700 -0.005804 -0.041130 0.999137 -0.000000 0.000000 0.000000 0.000000 1.000000
0.999617 -0.027641 0.000938 0.000000 0.027475 0.996360 0.080698 14.231700 -0.003165 -0.080641 0.996738 -0.000000 0.000000 0.000000 0.000000 1.000000
0.999794 -0.020089 -0.002945 -0.000000 0.020245 0.997352 0.069851 14.231700 0.001534 -0.069896 0.997553 0.000000 0.000000 0.000000 0.000000 1.000000
0.999611 -0.027351 -0.005535 0.000000 0.027418 0.999546 0.012483 14.231700 0.005191 -0.012630 0.999907 -0.000000 0.000000 0.000000 0.000000 1.000000
0.999235 -0.038366 -0.007589 0.000000 0.038206 0.999066 -0.020193 14.231700 0.008357 0.019888 0.999767 0.000000 0.000000 0.000000 0.000000 1.000000
0.999016 -0.043817 -0.006886 0.000000 0.043763 0.999011 -0.007819 14.231700 0.007222 0.007510 0.999946 0.000000 0.000000 0.000000 0.000000 1.000000
0.998935 -0.045945 -0.004347 -0.000000 0.046117 0.997350 0.056268 14.231700 0.001750 -0.056408 0.998406 0.000000 0.000000 0.000000 0.000000 1.000000
0.998607 -0.052609 -0.003930 0.000000 0.052723 0.992589 0.109491 14.231700 -0.001860 -0.109546 0.993980 0.000000 0.000000 0.000000 0.000000 1.000000
0.997954 -0.063697 -0.005438 0.000000 0.063894 0.990973 0.117858 14.231700 -0.002119 -0.117965 0.993016 0.000000 0.000000 0.000000 0.000000 1.000000
0.997984 -0.062923 -0.008230 0.000000 0.063424 0.993330 0.096298 14.231700 0.002116 -0.096626 0.995318 -0.000000 0.000000 0.000000 0.000000 1.000000
0.998556 -0.052264 -0.012446 0.000000 0.052907 0.996872 0.058704 14.231700 0.009339 -0.059278 0.998198 0.000000 0.000000 0.000000 0.000000 1.000000
0.998740 -0.046900 -0.017871 0.000000 0.047373 0.998512 0.027015 14.231700 0.016577 -0.027827 0.999475 0.000000 0.000000 0.000000 0.000000 1.000000
0.998647 -0.045923 -0.024387 -0.000000 0.046195 0.998875 0.010678 14.231700 0.023870 -0.011790 0.999646 0.000000 0.000000 0.000000 0.000000 1.000000
0.998629 -0.042406 -0.030680 0.000000 0.043412 0.998515 0.032918 14.231700 0.029238 -0.034204 0.998987 0.000000 0.000000 0.000000 0.000000 1.000000
0.998630 -0.038367 -0.035582 0.000000 0.040854 0.996566 0.072021 14.231700 0.032696 -0.073376 0.996768 0.000000 0.000000 0.000000 0.000000 1.000000
0.997928 -0.051642 -0.038366 0.000000 0.054835 0.994659 0.087442 14.231700 0.033645 -0.089364 0.995431 -0.000000 0.000000 0.000000 0.000000 1.000000
0.997107 -0.063711 -0.041461 0.000000 0.068235 0.990564 0.118857 14.231700 0.033497 -0.121343 0.992045 -0.000000 0.000000 0.000000 0.000000 1.000000
0.997195 -0.061288 -0.042956 -0.000000 0.067141 0.986156 0.151621 14.231700 0.033069 -0.154080 0.987505 -0.000000 0.000000 0.000000 0.000000 1.000000
0.997041 -0.064837 -0.041297 0.000000 0.070369 0.986055 0.150811 14.231700 0.030943 -0.153271 0.987700 0.000000 0.000000 0.000000 0.000000 1.000000
0.997312 -0.059795 -0.042355 0.000000 0.065293 0.987525 0.143286 14.231700 0.033258 -0.145666 0.988775 0.000000 0.000000 0.000000 0.000000 1.000000
0.997948 -0.046339 -0.044193 0.000000 0.051966 0.989333 0.136088 14.231700 0.037415 -0.138105 0.989711 -0.000000 0.000000 0.000000 0.000000 1.000000
0.998141 -0.043046 -0.043143 -0.000000 0.047337 0.993457 0.103933 14.231700 0.038387 -0.105782 0.993648 0.000000 0.000000 0.000000 0.000000 1.000000
0.998336 -0.040123 -0.041423 0.000000 0.042616 0.997217 0.061174 14.231700 0.038854 -0.062837 0.997267 0.000000 0.000000 0.000000 0.000000 1.000000
0.998687 -0.032988 -0.039194 -0.000000 0.034651 0.998494 0.042535 14.231700 0.037732 -0.043838 0.998326 0.000000 0.000000 0.000000 0.000000 1.000000
0.998966 -0.028107 -0.035746 0.000000 0.029647 0.998622 0.043310 14.231700 0.034479 -0.044325 0.998422 0.000000 0.000000 0.000000 0.000000 1.000000
0.999222 -0.022918 -0.032091 0.000000 0.024398 0.998619 0.046530 14.231700 0.030980 -0.047277 0.998401 0.000000 0.000000 0.000000 0.000000 1.000000
0.999440 -0.018555 -0.027862 0.000000 0.019863 0.998676 0.047442 14.231700 0.026944 -0.047969 0.998485 0.000000 0.000000 0.000000 0.000000 1.000000
0.999564 -0.019137 -0.022472 0.000000 0.020288 0.998433 0.052149 14.231700 0.021439 -0.052582 0.998386 -0.000000 0.000000 0.000000 0.000000 1.000000
0.999588 -0.023044 -0.017085 -0.000000 0.024021 0.997947 0.059378 14.231700 0.015682 -0.059764 0.998089 0.000000 0.000000 0.000000 0.000000 1.000000
0.999587 -0.025560 -0.013156 -0.000000 0.026177 0.998454 0.049030 14.231700 0.011883 -0.049354 0.998711 0.000000 0.000000 0.000000 0.000000 1.000000
0.999613 -0.025854 -0.010311 0.000000 0.026064 0.999444 0.020784 14.231700 0.009768 -0.021045 0.999731 -0.000000 0.000000 0.000000 0.000000 1.000000
0.999665 -0.024618 -0.007948 0.000000 0.024633 0.999695 0.001785 14.231700 0.007902 -0.001980 0.999967 0.000000 0.000000 0.000000 0.000000 1.000000
0.999711 -0.023468 -0.005289 0.000000 0.023448 0.999718 -0.003721 14.231700 0.005375 0.003596 0.999979 0.000000 0.000000 0.000000 0.000000 1.000000
0.999692 -0.024766 -0.001252 0.000000 0.024752 0.999642 -0.010199 14.231700 0.001504 0.010164 0.999947 0.000000 0.000000 0.000000 0.000000 1.000000
0.999641 -0.026623 0.002989 0.000000 0.026670 0.999500 -0.017003 14.231700 -0.002535 0.017076 0.999851 0.000000 0.000000 0.000000 0.000000 1.000000
0.999614 -0.027084 0.006135 0.000000 0.027199 0.999438 -0.019612 14.231700 -0.005600 0.019771 0.999789 0.000000 0.000000 0.000000 0.000000 1.000000</float_array>
        <technique_common>
          <accessor source="#mixamorig_Spine2-Matrix-animation-output-transform-array" count="48" stride="16">
            <param type="float4x4"/>
          </accessor>
        </technique_common>
      </source>
      <source id="mixamorig_Spine2-Interpolations">
        <Name_array id="mixamorig_Spine2-Interpolations-array" count="48">
 LINEAR LINEAR LINEAR LINEAR LINEAR LINEAR LINEAR LINEAR LINEAR LINEAR LINEAR
LINEAR LINEAR LINEAR LINEAR LINEAR LINEAR LINEAR LINEAR LINEAR LINEAR LINEAR LINEAR
LINEAR LINEAR LINEAR LINEAR LINEAR LINEAR LINEAR LINEAR LINEAR LINEAR LINEAR LINEAR
LINEAR LINEAR LINEAR LINEAR LINEAR LINEAR LINEAR LINEAR LINEAR LINEAR LINEAR LINEAR
LINEAR</Name_array>
        <technique_common>
          <accessor source="#mixamorig_Spine2-Interpolations-array" count="48">
            <param type="name"/>
          </accessor>
        </technique_common>
      </source>
      <sampler id="mixamorig_Spine2-Matrix-animation-transform">
        <input semantic="INPUT" source="#mixamorig_Spine2-Matrix-animation-input"/>
        <input semantic="OUTPUT" source="#mixamorig_Spine2-Matrix-animation-output-transform"/>
        <input semantic="INTERPOLATION" source="#mixamorig_Spine2-Interpolations"/>
      </sampler>
      <channel source="#mixamorig_Spine2-Matrix-animation-transform" target="mixamorig_Spine2/matrix"/>
      <source id="mixamorig_Neck-Matrix-animation-input">
        <float_array id="mixamorig_Neck-Matrix-animation-input-array" count="48">

0.000000 0.033333 0.066667 0.100000 0.133333 0.166667 0.200000 0.233333 0.266667 0.300000 0.333333 0.366667 0.400000 0.433333 0.466667 0.500000
0.533333 0.566667 0.600000 0.633333 0.666667 0.700000 0.733333 0.766667 0.800000 0.833333 0.866667 0.900000 0.933333 0.966667 1.000000 1.033333
1.066667 1.100000 1.133333 1.166667 1.200000 1.233333 1.266667 1.300000 1.333333 1.366667 1.400000 1.433333 1.466667 1.500000 1.533333 1.566667</float_array>
        <technique_common>
          <accessor source="#mixamorig_Neck-Matrix-animation-input-array" count="48">
            <param name="TIME" type="float"/>
          </accessor>
        </technique_common>
      </source>
      <source id="mixamorig_Neck-Matrix-animation-output-transform">
        <float_array id="mixamorig_Neck-Matrix-animation-output-transform-array" count="768">

0.999966 -0.008096 -0.001347 0.000000 0.007919 0.994857 -0.100981 16.010599 0.002158 0.100967 0.994887 0.000000 0.000000 0.000000 0.000000 1.000000
0.999972 -0.004842 0.005724 -0.000000 0.005434 0.994085 -0.108466 16.010599 -0.005165 0.108494 0.994084 0.000000 0.000000 0.000000 0.000000 1.000000
0.999902 -0.001570 0.013917 0.000000 0.003126 0.993642 -0.112541 16.010599 -0.013651 0.112573 0.993550 0.000000 0.000000 0.000000 0.000000 1.000000
